1.433912944048643112e-02
2.692752704024314880e-02
2.107327580451965332e-01
2.014990663155913353e-03
1.242231577634811401e-02
2.064012456685304642e-03
7.937300205230712891e-01
5.811247825622558594e-01
8.228571414947509766e-01
3.740769624710083008e-02
9.236922264099121094e-01
3.920963406562805176e-02
1.256641279906034470e-02
2.536824345588684082e-01
3.887956738471984863e-01
2.915096879005432129e-01
4.295623898506164551e-01
1.145458780229091644e-02
2.462069392204284668e-01
4.513944312930107117e-02
1.705992221832275391e-02
7.685106992721557617e-01
3.936484158039093018e-01
1.663641654886305332e-03
2.043286571279168129e-03
2.553523480892181396e-01
4.032313451170921326e-02
1.265536248683929443e-02
2.571477293968200684e-01
2.072399947792291641e-03
1.403645277023315430e-01
4.095383733510971069e-02
7.794964313507080078e-02
2.886586785316467285e-01
5.118883252143859863e-01
2.374498406425118446e-03
4.178849514573812485e-03
6.414285898208618164e-01
1.543583348393440247e-02
1.688524498604238033e-04
5.164281465113162994e-03
5.668000876903533936e-02
6.495896726846694946e-03
3.963052332401275635e-01
7.191949337720870972e-02
3.103437367826700211e-03
7.535832934081554413e-03
3.379658097401261330e-03
9.007839253172278404e-06
1.468169037252664566e-03
1.339699327945709229e-01
2.163787744939327240e-02
5.984556302428245544e-02
4.663231968879699707e-01
2.130004465579986572e-01
9.549327492713928223e-01
9.209660887718200684e-01
9.205060079693794250e-03
1.221520453691482544e-01
3.029817529022693634e-02
1.129168085753917694e-03
3.142653405666351318e-01
9.429404884576797485e-02
2.504416704177856445e-01
1.310745328664779663e-01
9.593620896339416504e-02
9.770002365112304688e-01
9.006630778312683105e-01
5.048306584358215332e-01
6.496804417110979557e-04
2.292814850807189941e-02
6.492146058008074760e-04
8.936162292957305908e-02
2.784675359725952148e-02
2.521639980841428041e-04
3.653175430372357368e-03
1.927249366417527199e-03
1.595231333340052515e-05
3.763575659831985831e-05
4.228544607758522034e-02
1.736695133149623871e-02
3.680875897407531738e-01
1.074259206652641296e-01
8.232732862234115601e-02
7.554205656051635742e-01
1.280834246426820755e-02
9.050586959347128868e-04
1.724845618009567261e-01
9.196839528158307076e-04
9.903104975819587708e-03
2.121609449386596680e-02
2.655723690986633301e-01
2.950297202914953232e-04
3.420681655406951904e-01
1.014120280742645264e-01
8.185496926307678223e-02
2.779089845716953278e-03
1.957598607987165451e-03
3.945706412196159363e-03
1.247227191925048828e-03
5.685466458089649677e-04
1.099538244307041168e-02
9.111518040299415588e-03
2.286283997818827629e-03
3.970106132328510284e-03
4.865006506443023682e-01
1.604084372520446777e-01
5.160924512892961502e-03
8.484926819801330566e-02
1.196909230202436447e-02
3.885613055899739265e-03
2.378692151978611946e-03
8.381984233856201172e-01
5.485543608665466309e-01
8.176243305206298828e-02
8.908327817916870117e-01
4.305542446672916412e-03
4.306179881095886230e-01
3.350741863250732422e-01
9.396268129348754883e-01
1.321965456008911133e-02
1.738167926669120789e-02
1.159059247584082186e-04
5.100226402282714844e-01
1.585519462823867798e-01
3.763802051544189453e-01
1.424103975296020508e-04
1.466796675231307745e-04
3.167607355862855911e-03
4.599457681179046631e-01
1.064722426235675812e-03
1.327281072735786438e-02
8.455312252044677734e-02
1.215163338929414749e-02
1.230200380086898804e-02
8.525711894035339355e-01
9.855245351791381836e-01
9.885489344596862793e-01
3.026289679110050201e-02
4.699673037976026535e-03
2.033395227044820786e-03
6.548615097999572754e-01
5.633195396512746811e-04
1.020205672830343246e-04
7.284200191497802734e-02
1.459575910121202469e-02
1.483453623950481415e-02
5.034367442131042480e-01
9.925268888473510742e-01
5.306373834609985352e-01
9.504711627960205078e-01
9.475588202476501465e-01
8.376381397247314453e-01
9.680723771452903748e-03
8.474250882863998413e-02
4.373888075351715088e-01
1.770378798246383667e-01
9.521041065454483032e-03
4.227793589234352112e-02
3.813584893941879272e-02
1.823630183935165405e-02
1.367836841382086277e-03
5.697571039199829102e-01
9.601044058799743652e-01
9.592109322547912598e-01
1.157991737127304077e-01
1.911301538348197937e-02
8.260979503393173218e-02
6.629713177680969238e-01
4.735301136970520020e-01
6.186140701174736023e-03
4.296787548810243607e-03
2.292664051055908203e-01
1.288070343434810638e-03
8.648458719253540039e-01
1.895726025104522705e-01
3.412775695323944092e-01
5.747390910983085632e-03
6.691274791955947876e-02
8.728920817375183105e-01
5.769815179519355297e-04
7.831768016330897808e-04
1.701824221527203918e-04
5.805227439850568771e-03
1.499110460281372070e-01
3.023104928433895111e-02
4.321506917476654053e-01
1.845332086086273193e-01
9.996526241302490234e-01
9.937790036201477051e-02
2.693269848823547363e-01
4.141148328781127930e-01
1.655250489711761475e-01
2.436159411445260048e-03
3.776658698916435242e-02
4.465936496853828430e-02
3.235182762145996094e-01
1.750039122998714447e-02
4.928035289049148560e-02
1.098337844014167786e-01
5.180335044860839844e-01
1.588676823303103447e-03
1.090711215510964394e-03
2.608701959252357483e-02
1.627196179470047355e-04
3.702240996062755585e-03
2.086676890030503273e-03
9.961705803871154785e-01
7.305637001991271973e-01
3.436711132526397705e-01
1.571960310684517026e-04
8.304879302158951759e-04
3.525323932990431786e-03
1.165190245956182480e-03
2.708290237933397293e-03
2.289811149239540100e-03
1.630084775388240814e-02
1.581337489187717438e-02
4.629605915397405624e-03
5.874081807633046992e-07
7.092983461916446686e-03
1.289881207048892975e-02
2.442247569561004639e-01
8.283472061157226562e-01
9.232334494590759277e-01
9.375090003013610840e-01
9.863414764404296875e-01
8.613549470901489258e-01
8.009198791114613414e-05
5.745046772062778473e-03
8.947733789682388306e-03
7.654814980924129486e-03
3.763637542724609375e-01
1.986676752567291260e-01
9.038371033966541290e-03
5.395988700911402702e-04
2.120417077094316483e-03
9.822762012481689453e-01
3.434624075889587402e-01
7.848415970802307129e-01
6.509376764297485352e-01
4.221063107252120972e-02
6.212536245584487915e-03
2.055421024560928345e-01
5.305630564689636230e-01
2.061845734715461731e-02
4.402660299092531204e-03
8.629042506217956543e-01
5.286579132080078125e-01
2.608039882034063339e-03
3.532085102051496506e-03
1.933274790644645691e-03
3.040033280849456787e-01
9.381253719329833984e-01
7.493315339088439941e-01
6.401415914297103882e-03
7.047877460718154907e-02
9.369468898512423038e-05
7.726605981588363647e-03
3.509199991822242737e-02
9.333751950180158019e-05
5.642162868753075600e-04
1.692623347043991089e-01
1.441589556634426117e-03
1.604750832484569401e-05
3.710023520397953689e-05
7.414210813294630498e-06
9.938687086105346680e-01
6.603634357452392578e-01
9.078007936477661133e-01
2.235216321423649788e-03
1.008586678653955460e-02
3.261164426803588867e-01
3.663153946399688721e-01
1.543400436639785767e-02
1.470742514356970787e-03
7.526178960688412189e-04
1.255634333938360214e-02
9.057697653770446777e-01
4.408736526966094971e-01
1.294152578338980675e-03
1.285881400108337402e-01
2.081486629322171211e-03
7.008084212429821491e-04
4.226500093936920166e-01
5.537129007279872894e-03
9.734416753053665161e-02
2.005787938833236694e-01
5.502589419484138489e-02
3.372980654239654541e-01
2.169431245420128107e-04
2.144345492124557495e-01
6.399489357136189938e-04
1.977606880245730281e-04
4.253014028072357178e-01
2.355721294879913330e-01
3.552299737930297852e-01
9.821738116443157196e-03
2.131172865629196167e-01
3.060818314552307129e-01
9.730703234672546387e-01
7.209044098854064941e-01
9.959479570388793945e-01
2.811377402395009995e-03
6.368035674095153809e-01
8.409501053392887115e-03
9.995868206024169922e-01
5.570260882377624512e-01
9.944351911544799805e-01
6.275895237922668457e-01
9.957100152969360352e-01
9.925948381423950195e-01
9.998481273651123047e-01
9.999517798423767090e-01
9.998933076858520508e-01
9.900583028793334961e-01
9.717466831207275391e-01
1.525465548038482666e-01
9.943569898605346680e-01
9.987217187881469727e-01
9.877041578292846680e-01
9.809840917587280273e-01
9.320622682571411133e-01
9.930170774459838867e-01
5.486092567443847656e-01
1.668190211057662964e-01
7.777907848358154297e-01
9.238256216049194336e-01
8.796433210372924805e-01
9.117143154144287109e-01
9.892833232879638672e-01
9.911222457885742188e-01
9.989385604858398438e-01
9.976762533187866211e-01
9.969506263732910156e-01
9.965500831604003906e-01
9.970275759696960449e-01
9.889402985572814941e-01
9.616833925247192383e-01
6.957997679710388184e-01
4.062267392873764038e-02
9.847061634063720703e-01
9.948238730430603027e-01
9.898360967636108398e-01
9.990926384925842285e-01
9.757542610168457031e-01
9.953284263610839844e-01
9.985938668251037598e-01
9.790859818458557129e-01
9.409096240997314453e-01
6.555818319320678711e-01
2.859745919704437256e-02
1.112547144293785095e-02
6.692395359277725220e-02
9.935674667358398438e-01
4.685225784778594971e-01
9.947067499160766602e-01
9.689042568206787109e-01
4.754052758216857910e-01
1.277733743190765381e-01
9.975175261497497559e-01
9.943684339523315430e-01
9.990751743316650391e-01
4.488129019737243652e-01
9.902367591857910156e-01
9.822498559951782227e-01
9.884925484657287598e-01
9.908627271652221680e-01
2.954760789871215820e-01
9.418668746948242188e-01
9.970554113388061523e-01
9.921530485153198242e-01
4.855626523494720459e-01
9.702084064483642578e-01
9.995436668395996094e-01
4.145888611674308777e-03
7.093507051467895508e-01
1.926655881106853485e-02
9.984151124954223633e-01
9.966561794281005859e-01
9.814141988754272461e-01
5.533722639083862305e-01
1.309351921081542969e-01
3.795937895774841309e-01
9.717381000518798828e-01
9.796797037124633789e-01
9.786639213562011719e-01
9.810485243797302246e-01
9.930730462074279785e-01
9.938986301422119141e-01
9.934616088867187500e-01
9.536144733428955078e-01
9.938112497329711914e-01
9.858300685882568359e-01
7.441523075103759766e-01
9.990603923797607422e-01
9.553173780441284180e-01
9.108955264091491699e-01
9.934249520301818848e-01
8.206938505172729492e-01
9.106482863426208496e-01
9.805622100830078125e-01
7.798110842704772949e-01
2.104584276676177979e-01
6.077841520309448242e-01
9.610666036605834961e-01
9.819265604019165039e-01
9.916391372680664062e-01
9.567063450813293457e-01
9.877091050148010254e-01
8.369760513305664062e-01
2.557067871093750000e-01
8.900817632675170898e-01
9.891120195388793945e-01
9.960333108901977539e-01
9.986630678176879883e-01
7.148017883300781250e-01
9.983065128326416016e-01
9.963250160217285156e-01
9.983400106430053711e-01
9.962477684020996094e-01
9.978544712066650391e-01
9.701457023620605469e-01
9.967306256294250488e-01
9.705942869186401367e-01
2.970613539218902588e-01
6.092497110366821289e-01
3.608168289065361023e-02
1.155088618397712708e-01
9.973596334457397461e-01
9.994794130325317383e-01
9.989537000656127930e-01
9.841660261154174805e-01
9.339183568954467773e-01
4.737877249717712402e-01
6.499053835868835449e-01
1.021247729659080505e-01
8.605133891105651855e-01
9.750572443008422852e-01
8.716233372688293457e-01
8.451336622238159180e-01
9.965617656707763672e-01
8.751547336578369141e-01
7.037674784660339355e-01
3.337004184722900391e-01
7.673225402832031250e-01
6.194676160812377930e-01
4.934307336807250977e-01
5.269823074340820312e-01
5.107950568199157715e-01
9.962111711502075195e-01
9.977927803993225098e-01
9.997159242630004883e-01
5.019757524132728577e-02
1.580509245395660400e-01
7.736016511917114258e-01
9.999404549598693848e-01
9.995017051696777344e-01
9.987699389457702637e-01
5.516770482063293457e-01
3.572202920913696289e-01
9.981300830841064453e-01
9.990290403366088867e-01
9.923349022865295410e-01
9.377484917640686035e-01
9.989084005355834961e-01
9.995558857917785645e-01
8.821682333946228027e-01
9.523490667343139648e-01
9.711722135543823242e-01
8.034467101097106934e-01
6.936185956001281738e-01
9.711022377014160156e-01
9.888017177581787109e-01
9.996321201324462891e-01
9.995927810668945312e-01
9.996269941329956055e-01
9.648078083992004395e-01
7.050406336784362793e-01
4.405168890953063965e-01
9.949748516082763672e-01
5.096161365509033203e-01
9.954261183738708496e-01
9.183957576751708984e-01
9.892004728317260742e-01
9.924136400222778320e-01
9.572650194168090820e-01
7.558791637420654297e-01
5.426189899444580078e-01
9.293668270111083984e-01
9.957805871963500977e-01
9.945865869522094727e-01
1.624534875154495239e-01
1.275714114308357239e-02
6.495155394077301025e-02
2.286182940006256104e-01
1.684032827615737915e-01
4.822916388511657715e-01
9.559512138366699219e-01
9.556239247322082520e-01
9.928034543991088867e-01
9.962497353553771973e-01
9.981180429458618164e-01
9.990236759185791016e-01
9.901061654090881348e-01
4.014436602592468262e-01
1.474394053220748901e-01
5.729191303253173828e-01
9.995627999305725098e-01
9.998909235000610352e-01
8.889545202255249023e-01
9.989742040634155273e-01
9.987081885337829590e-01
9.966729879379272461e-01
9.996727108955383301e-01
9.906135201454162598e-01
4.946304559707641602e-01
5.898128747940063477e-01
3.257827162742614746e-01
6.667851209640502930e-01
9.769377112388610840e-01
9.862653017044067383e-01
1.252472866326570511e-02
1.368647515773773193e-01
1.802902370691299438e-01
9.296493530273437500e-01
6.832705736160278320e-01
9.945974349975585938e-01
9.869231581687927246e-01
9.956164956092834473e-01
9.873121976852416992e-01
7.720894813537597656e-01
9.975000023841857910e-01
9.939272403717041016e-01
9.891353249549865723e-01
9.638234376907348633e-01
9.933505058288574219e-01
9.987233877182006836e-01
9.953441619873046875e-01
9.995040893554687500e-01
9.720371365547180176e-01
5.081351101398468018e-02
9.075917005538940430e-01
9.993541240692138672e-01
4.111219346523284912e-01
9.855568408966064453e-01
9.042366147041320801e-01
9.724969863891601562e-01
9.017981886863708496e-01
5.457454323768615723e-01
8.347907066345214844e-01
2.915019989013671875e-01
9.855810403823852539e-01
9.514888525009155273e-01
9.995267391204833984e-01
9.960039854049682617e-01
9.996993541717529297e-01
9.942184686660766602e-01
6.718488335609436035e-01
3.021084070205688477e-01
2.369315177202224731e-01
5.080074071884155273e-01
9.847546219825744629e-01
3.729791641235351562e-01
9.963210821151733398e-01
9.995193481445312500e-01
8.330326080322265625e-01
9.998711943626403809e-01
9.947595596313476562e-01
9.975110292434692383e-01
9.962601661682128906e-01
9.456115961074829102e-01
6.894146203994750977e-01
9.891009330749511719e-01
9.999826550483703613e-01
9.985955953598022461e-01
9.991760253906250000e-01
8.839491605758666992e-01
9.997666478157043457e-01
4.922434091567993164e-01
9.453194737434387207e-01
8.473246097564697266e-01
9.999124407768249512e-01
9.936350584030151367e-01
9.985949397087097168e-01
4.645675122737884521e-01
4.543586373329162598e-01
6.066017150878906250e-01
4.174131751060485840e-01
7.098193764686584473e-01
9.980363845825195312e-01
7.820775508880615234e-01
4.719555377960205078e-02
5.570480227470397949e-01
9.661666154861450195e-01
7.385423183441162109e-01
9.113738536834716797e-01
3.988013565540313721e-01
3.641279339790344238e-01
7.908136844635009766e-01
