1.954877078533172607e-01
9.485419839620590210e-02
1.682280190289020538e-02
5.811270326375961304e-02
5.319410189986228943e-02
5.756242573261260986e-02
3.864031285047531128e-02
1.777984946966171265e-02
8.786112070083618164e-01
1.416138410568237305e-01
2.619937956333160400e-01
6.764788925647735596e-02
1.338526979088783264e-02
4.251699894666671753e-03
2.304934337735176086e-02
9.000995196402072906e-03
6.110492348670959473e-01
9.619386494159698486e-02
1.399864535778760910e-02
3.072128258645534515e-02
7.570005059242248535e-01
1.221546381711959839e-01
7.002789974212646484e-01
4.451376497745513916e-01
4.701727032661437988e-01
5.430257320404052734e-01
8.698483705520629883e-01
9.423205852508544922e-01
5.021179914474487305e-01
6.458129286766052246e-01
1.894008815288543701e-01
1.818451285362243652e-01
4.937931597232818604e-01
1.730284281075000763e-02
4.602974057197570801e-01
2.481836527585983276e-01
5.903149843215942383e-01
4.746589660644531250e-01
1.562732905149459839e-01
2.410827279090881348e-01
1.600431092083454132e-02
7.833375781774520874e-02
1.464824378490447998e-01
2.060124278068542480e-01
5.090542435646057129e-01
7.326513528823852539e-02
2.947151362895965576e-01
3.345552086830139160e-02
4.069338440895080566e-01
8.068252354860305786e-03
5.394131541252136230e-01
5.048364400863647461e-01
1.249812766909599304e-01
6.418393850326538086e-01
3.057867884635925293e-01
5.658017992973327637e-01
2.250892575830221176e-03
1.775561869144439697e-01
6.111342310905456543e-01
8.180939555168151855e-01
3.531374409794807434e-02
1.913375779986381531e-02
1.932473620399832726e-03
1.134205162525177002e-01
1.037068795994855464e-05
5.343769490718841553e-02
2.023816406726837158e-01
3.126190304756164551e-01
6.676849126815795898e-01
6.560289184562861919e-04
4.223238229751586914e-01
1.768705099821090698e-01
3.837716579437255859e-01
5.113555788993835449e-01
1.228894200176000595e-02
1.774623990058898926e-01
2.910337150096893311e-01
1.018516570329666138e-01
2.360774902626872063e-03
9.134002029895782471e-04
3.184642493724822998e-01
4.485012888908386230e-01
4.007671475410461426e-01
2.598604187369346619e-04
1.834574341773986816e-01
2.129629068076610565e-02
3.894007578492164612e-02
1.385499536991119385e-01
3.849398717284202576e-02
7.852517068386077881e-02
3.308972716331481934e-02
1.396805793046951294e-01
3.287078142166137695e-01
9.182680398225784302e-02
2.160476520657539368e-02
1.433921046555042267e-02
3.097229450941085815e-02
2.291682958602905273e-01
1.720400452613830566e-01
1.971726864576339722e-02
6.035723686218261719e-01
1.991450227797031403e-02
1.002772804349660873e-02
2.429067790508270264e-01
3.589779734611511230e-01
7.039963006973266602e-01
9.222868829965591431e-02
9.297195822000503540e-02
7.203406095504760742e-01
1.485317647457122803e-01
2.324593812227249146e-02
2.617650330066680908e-01
4.597669839859008789e-01
1.370989996939897537e-02
4.135311543941497803e-01
3.510104119777679443e-02
1.165281012654304504e-01
3.041053116321563721e-01
4.405051767826080322e-01
3.200585842132568359e-01
4.406360983848571777e-01
3.781423717737197876e-02
3.176094293594360352e-01
7.497589290142059326e-02
8.078864812850952148e-01
5.395203828811645508e-01
1.656490713357925415e-01
1.199689060449600220e-01
3.265373781323432922e-02
2.020845115184783936e-01
6.047620996832847595e-02
3.420032560825347900e-02
4.873435571789741516e-02
8.448719745501875877e-04
1.931349514052271843e-03
1.700593978166580200e-01
4.895890504121780396e-02
2.619807841256260872e-03
2.082924358546733856e-02
1.111553516238927841e-02
5.565896034240722656e-01
3.321213126182556152e-01
5.983685851097106934e-01
2.724982798099517822e-01
6.117336750030517578e-01
9.281551837921142578e-02
2.482129037380218506e-01
6.387273669242858887e-01
8.035316318273544312e-02
6.918969750404357910e-02
1.044353283941745758e-02
2.263037264347076416e-01
8.999408483505249023e-01
8.453886955976486206e-02
5.299016088247299194e-02
5.353342741727828979e-02
1.071486026048660278e-01
2.616938389837741852e-02
1.753828972578048706e-01
1.812675222754478455e-02
1.782852923497557640e-04
2.812387356243561953e-05
2.979911223519593477e-04
1.837554236772120930e-06
3.599202632904052734e-01
1.737162172794342041e-01
6.541127711534500122e-02
2.284664660692214966e-01
1.469752605771645904e-04
1.512962189735844731e-04
2.183694019913673401e-02
8.268526289612054825e-04
6.955733895301818848e-01
1.682125404477119446e-02
6.915626525878906250e-01
4.730579257011413574e-01
4.987096190452575684e-01
8.431895077228546143e-02
1.341122984886169434e-01
2.127032577991485596e-01
7.699149250984191895e-01
3.625339269638061523e-01
7.009594440460205078e-01
6.990381479263305664e-01
9.254276752471923828e-01
5.689151287078857422e-01
7.497047185897827148e-01
2.162981331348419189e-01
2.774593234062194824e-01
4.545515179634094238e-01
4.424417614936828613e-01
2.262075245380401611e-02
2.487696707248687744e-02
2.505446672439575195e-01
2.483977749943733215e-02
8.689129352569580078e-01
5.886015482246875763e-03
1.608431525528430939e-02
1.236637672263896093e-06
2.774134743958711624e-03
1.609745435416698456e-03
3.556025028228759766e-02
2.013823390007019043e-01
2.590962648391723633e-01
1.435844451189041138e-01
2.426949143409729004e-02
1.120169367641210556e-02
4.720618128776550293e-01
4.186887443065643311e-01
6.077010184526443481e-02
1.353779286146163940e-01
4.433487653732299805e-01
4.469351172447204590e-01
5.555036664009094238e-01
8.053842782974243164e-01
4.720325469970703125e-01
1.150281578302383423e-01
3.153095543384552002e-01
3.206689953804016113e-01
4.875623881816864014e-01
2.267616242170333862e-01
4.529615044593811035e-01
4.472933113574981689e-01
7.016201019287109375e-01
1.152624785900115967e-01
9.741365313529968262e-01
5.609439611434936523e-01
2.883178293704986572e-01
7.381297349929809570e-01
4.488616287708282471e-01
1.547059230506420135e-02
5.306621547788381577e-03
1.550726443529129028e-01
1.139118224382400513e-01
6.258738227188587189e-03
2.599903848022222519e-03
5.587340332567691803e-03
2.441318333148956299e-02
5.225946381688117981e-02
1.919543603435158730e-03
2.266157977283000946e-02
7.392252981662750244e-02
4.770793765783309937e-02
2.003234028816223145e-01
2.530579455196857452e-02
1.408216804265975952e-01
4.774226248264312744e-02
6.421060860157012939e-02
1.688582822680473328e-02
3.572445809841156006e-01
1.967318505048751831e-01
1.543820602819323540e-03
4.891273565590381622e-03
5.109322071075439453e-01
4.115102346986532211e-03
4.934194963425397873e-03
1.499456260353326797e-02
3.216014057397842407e-02
1.365579105913639069e-02
1.045233011245727539e-02
1.931099221110343933e-02
8.865536004304885864e-02
4.496932029724121094e-03
1.237024217844009399e-01
4.099202528595924377e-02
5.472839474678039551e-01
8.944227593019604683e-04
2.209757687523961067e-03
5.784691125154495239e-02
5.117682274430990219e-03
3.650197684764862061e-01
6.539632678031921387e-01
7.714074850082397461e-01
1.149318292737007141e-01
5.839833989739418030e-02
1.613896340131759644e-01
7.604990154504776001e-02
1.413399875164031982e-01
5.232236385345458984e-01
3.134990334510803223e-01
4.471658766269683838e-01
1.425534188747406006e-01
3.474350571632385254e-01
2.071007341146469116e-01
1.622796058654785156e-02
8.983833789825439453e-01
4.482077434659004211e-02
3.560346066951751709e-01
2.770565450191497803e-01
2.355306446552276611e-01
7.269559800624847412e-02
4.090649634599685669e-02
9.535420686006546021e-02
1.253319680690765381e-01
2.178162708878517151e-02
3.415579674765467644e-03
7.744105458259582520e-01
4.703639075160026550e-03
5.344513431191444397e-02
1.050373539328575134e-01
1.552672591060400009e-02
5.859388038516044617e-02
2.296954765915870667e-02
1.487133122282102704e-04
8.560509234666824341e-02
2.615424096584320068e-01
4.043692648410797119e-01
2.809118330478668213e-01
1.055426597595214844e-01
1.189818680286407471e-01
8.240886032581329346e-02
5.115929841995239258e-01
4.003450870513916016e-01
9.419658780097961426e-02
5.502643063664436340e-02
3.022977709770202637e-01
1.153403297066688538e-01
6.868106083857128397e-06
4.280286282300949097e-02
1.298144343309104443e-05
1.267409697175025940e-02
9.493655525147914886e-04
2.072112579298845958e-07
1.499635573054547422e-06
1.429149961040820926e-05
1.554412068799138069e-03
1.342048744845669717e-05
3.258576244115829468e-02
1.481707990169525146e-01
1.357606705278158188e-02
4.351709038019180298e-02
5.945557131781242788e-05
1.492740660905838013e-01
1.233781313203508034e-05
2.597432136535644531e-01
1.198207537527196109e-04
1.380316317081451416e-01
7.109885104000568390e-03
2.297349087893962860e-02
2.336020767688751221e-01
8.344492316246032715e-02
2.516196109354496002e-03
5.836520344018936157e-02
9.342762641608715057e-03
2.108976989984512329e-02
5.183120956644415855e-04
1.550827641040086746e-03
1.813620142638683319e-02
6.327902078628540039e-01
6.226013973355293274e-02
1.880367547273635864e-01
2.954524755477905273e-01
2.891202922910451889e-03
7.666280725970864296e-05
2.024900913238525391e-02
4.241509437561035156e-01
2.889410853385925293e-01
1.239213570952415466e-01
1.600627414882183075e-02
6.921254396438598633e-01
3.024750053882598877e-01
2.011232078075408936e-01
1.673301756381988525e-01
3.395335078239440918e-01
3.261703252792358398e-02
6.534492969512939453e-02
4.381139874458312988e-01
1.097120984923094511e-04
7.991672754287719727e-01
1.503218412399291992e-01
1.039378270506858826e-01
2.679000794887542725e-02
1.058383509516716003e-01
3.083392977714538574e-01
2.300756517797708511e-03
7.328597307205200195e-01
1.057661473751068115e-01
3.321552574634552002e-01
1.333020776510238647e-01
1.415543258190155029e-02
1.605392247438430786e-01
4.949350357055664062e-01
1.141516864299774170e-02
1.968385875225067139e-01
9.593727439641952515e-02
8.968772739171981812e-02
2.573869824409484863e-01
2.042184919118881226e-01
5.139752104878425598e-02
6.271135807037353516e-01
3.710725307464599609e-01
2.672266662120819092e-01
1.606886386871337891e-01
6.313031911849975586e-01
5.444387793540954590e-01
8.835340142250061035e-01
4.406026005744934082e-01
4.718699492514133453e-04
1.865159347653388977e-02
6.091204122640192509e-04
1.403950038366019726e-03
1.018859818577766418e-02
7.107315212488174438e-02
1.578016090206801891e-04
1.335919951088726521e-03
1.318430062383413315e-02
1.752876937389373779e-01
8.515938520431518555e-01
5.913844704627990723e-01
3.272242248058319092e-01
5.924981236457824707e-01
3.647797554731369019e-02
6.030354499816894531e-01
6.334280967712402344e-01
1.956317275762557983e-01
2.230753302574157715e-01
2.740645706653594971e-01
6.696569034829735756e-04
1.704690419137477875e-02
8.611651719547808170e-04
3.943571820855140686e-03
3.327718004584312439e-02
9.511971147730946541e-04
2.399186044931411743e-02
1.978744193911552429e-02
7.718192879110574722e-03
6.588724208995699883e-04
5.005722120404243469e-02
2.862952649593353271e-01
6.613422185182571411e-02
1.088440120220184326e-01
1.298792213201522827e-01
2.618230581283569336e-01
1.287183463573455811e-01
6.869155168533325195e-02
6.491534709930419922e-01
4.663144946098327637e-01
1.524784117937088013e-01
6.566618680953979492e-01
6.507228612899780273e-01
3.729300945997238159e-02
4.306939840316772461e-01
1.336131095886230469e-01
5.653146654367446899e-02
6.014134883880615234e-01
1.071509271860122681e-01
2.156997472047805786e-01
5.451486706733703613e-01
4.434078335762023926e-01
4.884170889854431152e-01
4.225411415100097656e-01
3.599492907524108887e-01
3.320602178573608398e-01
5.259371995925903320e-01
7.015504837036132812e-01
8.119192123413085938e-01
7.537732124328613281e-01
9.172216057777404785e-02
2.958567440509796143e-01
3.875429928302764893e-02
2.390431463718414307e-01
1.436652094125747681e-01
1.751714944839477539e-02
8.286558091640472412e-02
5.598390009254217148e-03
3.403995558619499207e-02
5.618543829768896103e-03
2.465208619832992554e-01
9.008146822452545166e-02
1.522399187088012695e-01
4.126934218220412731e-04
4.427500534802675247e-03
2.766870893537998199e-03
1.068473607301712036e-01
1.304841227829456329e-02
3.638530150055885315e-02
9.594159200787544250e-03
1.571406796574592590e-02
4.831259697675704956e-02
5.573490858078002930e-01
1.787180453538894653e-01
9.841045364737510681e-03
4.550063610076904297e-01
1.750903725624084473e-01
1.417702762410044670e-03
3.722323104739189148e-02
6.214680671691894531e-01
1.074546277523040771e-01
5.470249652862548828e-01
8.326685428619384766e-02
6.753545999526977539e-01
8.054550737142562866e-02
4.955571889877319336e-01
7.446143627166748047e-01
3.246698379516601562e-01
9.853259921073913574e-01
5.516672134399414062e-01
6.579823493957519531e-01
9.034568071365356445e-01
7.587767839431762695e-01
5.591775774955749512e-01
7.298154830932617188e-01
8.185279369354248047e-01
6.082528829574584961e-01
5.866277217864990234e-01
7.653505206108093262e-01
2.762684524059295654e-01
6.108198761940002441e-01
4.244139790534973145e-02
2.010938823223114014e-01
1.071779355406761169e-01
4.419690668582916260e-01
6.152199506759643555e-01
6.755254268646240234e-01
4.331043362617492676e-02
1.826865077018737793e-01
3.780150115489959717e-01
1.367412507534027100e-01
8.775218576192855835e-02
2.563928663730621338e-01
1.600622385740280151e-02
8.296868205070495605e-02
4.211290478706359863e-01
5.171025991439819336e-01
2.096164226531982422e-01
4.501433670520782471e-01
3.042710423469543457e-01
2.582072913646697998e-01
2.741640247404575348e-02
1.269792020320892334e-01
1.038459986448287964e-01
4.898445308208465576e-02
2.450004667043685913e-01
1.640697382390499115e-02
2.433753386139869690e-02
8.670100942254066467e-03
3.604352101683616638e-02
3.957654535770416260e-01
8.061959147453308105e-01
7.223304510116577148e-01
8.989169597625732422e-01
1.239206641912460327e-01
5.408494472503662109e-01
8.314277529716491699e-01
5.277553796768188477e-01
9.229682683944702148e-01
5.065860748291015625e-01
1.070678001269698143e-03
7.236553210532292724e-05
9.488840987614821643e-06
1.650213748216629028e-01
3.299091458320617676e-01
2.080081850290298462e-01
1.015520375221967697e-02
7.596804946660995483e-02
4.287862218916416168e-03
6.272301077842712402e-02
5.868966579437255859e-01
5.129034519195556641e-01
1.087171211838722229e-02
4.465157389640808105e-01
2.358725070953369141e-01
4.294832944869995117e-01
6.089965701103210449e-01
4.493716657161712646e-01
1.984054148197174072e-01
4.538349062204360962e-02
1.947845518589019775e-02
2.589746378362178802e-02
4.379083961248397827e-02
1.999628245830535889e-01
2.006155699491500854e-01
2.096816152334213257e-02
1.420458126813173294e-02
5.926160514354705811e-02
1.486898362636566162e-01
1.688818447291851044e-02
3.521421551704406738e-01
3.007876276969909668e-01
4.827221035957336426e-01
2.624253034591674805e-01
1.775634288787841797e-01
1.604437083005905151e-01
3.440596163272857666e-01
2.434678971767425537e-01
8.372848480939865112e-02
6.278995275497436523e-01
5.192106366157531738e-01
1.397355198860168457e-01
2.499576359987258911e-01
2.822404801845550537e-01
3.181394189596176147e-02
2.562142014503479004e-01
5.304095149040222168e-02
5.065578036010265350e-03
1.166445091366767883e-01
9.787425398826599121e-03
2.153313606977462769e-01
1.023636758327484131e-02
1.220500022172927856e-01
4.520682245492935181e-02
1.491344533860683441e-02
4.886735603213310242e-02
1.291878521442413330e-02
8.688186062499880791e-04
2.770948410034179688e-02
7.837638258934020996e-02
1.598238348960876465e-01
2.473478615283966064e-01
2.554616425186395645e-03
8.297273516654968262e-02
1.669270545244216919e-02
1.031525433063507080e-01
1.111475303769111633e-01
3.013393143191933632e-03
3.134413957595825195e-01
2.333005368709564209e-01
1.185578033328056335e-01
5.873686671257019043e-01
6.994303464889526367e-01
4.569315910339355469e-01
5.372206568717956543e-01
7.736222743988037109e-01
8.455725312232971191e-01
9.953898191452026367e-01
7.694035768508911133e-01
3.631255030632019043e-01
3.155694305896759033e-01
3.905023634433746338e-01
4.132431745529174805e-01
1.750524640083312988e-01
3.350938558578491211e-01
6.558852195739746094e-01
3.418170809745788574e-01
4.708579182624816895e-01
2.258446961641311646e-01
2.738805711269378662e-01
4.946077987551689148e-02
3.935758396983146667e-02
1.530618071556091309e-01
1.185711026191711426e-01
1.038196086883544922e-01
1.436755359172821045e-01
5.630806684494018555e-01
5.123641490936279297e-01
1.417486518621444702e-01
2.763283848762512207e-01
4.198885262012481689e-01
3.610227257013320923e-02
1.576354652643203735e-01
1.679299212992191315e-02
2.102377116680145264e-01
9.213730692863464355e-02
1.287223584949970245e-02
2.836845219135284424e-01
5.905772447586059570e-01
3.409438133239746094e-01
1.171851437538862228e-02
1.354381293058395386e-01
6.704181432723999023e-01
2.283789776265621185e-02
2.517963647842407227e-01
2.246522307395935059e-01
3.946350812911987305e-01
2.815878689289093018e-01
8.194600231945514679e-03
1.234835311770439148e-01
1.352669745683670044e-01
1.505426019430160522e-01
3.367782104760408401e-03
2.834775857627391815e-02
2.427248843014240265e-02
5.032534524798393250e-02
3.345187753438949585e-02
1.310981810092926025e-02
8.290384896099567413e-03
3.330938816070556641e-01
3.638947964645922184e-04
3.764647059142589569e-03
1.541944075142964721e-04
1.558439154177904129e-02
8.566018193960189819e-03
2.230310067534446716e-02
6.697094999253749847e-03
2.685846993699669838e-04
1.489563938230276108e-02
8.290599362226203084e-05
2.417212724685668945e-01
3.429364562034606934e-01
9.396507740020751953e-01
4.794143438339233398e-01
4.236104488372802734e-01
8.398019075393676758e-01
7.877506017684936523e-01
5.716636180877685547e-01
7.222442626953125000e-01
9.389360249042510986e-02
5.060784518718719482e-03
1.278045624494552612e-01
2.181677555199712515e-04
2.379362285137176514e-02
1.907346956431865692e-02
2.158193662762641907e-02
6.364639103412628174e-02
1.074978429824113846e-02
6.128058582544326782e-02
7.226907473523169756e-05
3.669676557183265686e-02
1.256204396486282349e-01
4.065440595149993896e-01
6.674005836248397827e-02
5.276191234588623047e-01
6.323032081127166748e-02
1.025266870856285095e-01
7.923305630683898926e-01
3.784111142158508301e-01
5.878421664237976074e-01
1.037512440234422684e-02
1.371951252222061157e-01
1.456185579299926758e-01
7.979053258895874023e-02
2.227877639234066010e-02
4.285164177417755127e-02
2.128575444221496582e-01
1.553101241588592529e-01
1.437532808631658554e-02
1.075010746717453003e-02
2.998231053352355957e-01
4.802852272987365723e-01
5.181601591175422072e-05
3.616235684603452682e-03
4.529207217274233699e-05
2.909875320256105624e-06
1.223874464631080627e-01
1.214127905768691562e-06
2.191139310598373413e-01
3.148647546768188477e-01
2.096497565507888794e-01
1.889870911836624146e-01
4.297953248023986816e-01
9.108059406280517578e-01
6.172266006469726562e-01
1.725305020809173584e-01
7.507493495941162109e-01
3.786297738552093506e-01
4.965804517269134521e-01
1.239529773592948914e-01
4.198463261127471924e-01
4.001687169075012207e-01
6.964602470397949219e-01
4.573104083538055420e-01
7.248286008834838867e-01
4.312137365341186523e-01
8.701083064079284668e-01
4.189001023769378662e-01
3.963800966739654541e-01
6.159736514091491699e-01
9.494363330304622650e-04
6.034707184880971909e-03
3.637727932073175907e-04
2.350363683945033699e-05
1.081437058746814728e-02
1.842760294675827026e-02
3.547399863600730896e-02
3.087508375756442547e-04
8.581482688896358013e-04
6.744029931724071503e-03
3.825604170560836792e-02
2.221974432468414307e-01
7.473987340927124023e-02
6.683233976364135742e-01
2.017617039382457733e-02
1.744171231985092163e-01
1.314863860607147217e-01
2.787838876247406006e-02
2.435871660709381104e-01
2.653170228004455566e-01
9.309315681457519531e-02
1.744082272052764893e-01
1.109161525964736938e-01
1.613960415124893188e-01
4.222753643989562988e-01
8.029243350028991699e-02
3.874034620821475983e-03
1.467649787664413452e-01
7.333794608712196350e-03
4.002558290958404541e-01
5.917193889617919922e-01
3.900381922721862793e-01
6.952221989631652832e-01
6.185524463653564453e-01
7.462938874959945679e-02
8.677815198898315430e-01
3.429842889308929443e-01
7.944432497024536133e-01
6.343350410461425781e-01
2.011321187019348145e-01
3.266544640064239502e-02
4.341070598457008600e-04
3.019274678081274033e-03
4.572629928588867188e-01
5.832394235767424107e-04
7.318156422115862370e-04
5.297525525093078613e-01
1.982165500521659851e-02
6.570834666490554810e-04
1.604582648724317551e-03
2.843469008803367615e-02
4.419754743576049805e-01
1.779965162277221680e-01
1.456363685429096222e-02
5.853002667427062988e-01
2.818002104759216309e-01
3.091956973075866699e-01
4.571462869644165039e-01
3.523837327957153320e-01
1.448201686143875122e-01
2.623930107802152634e-03
8.426973968744277954e-02
6.108859926462173462e-02
5.313081741333007812e-01
4.438980817794799805e-01
2.915275990962982178e-01
6.224765181541442871e-01
1.898048222064971924e-01
4.149360656738281250e-01
7.684986591339111328e-01
1.329397549852728844e-03
1.688003540039062500e-02
1.962105045095086098e-03
1.510250847786664963e-02
1.126248538494110107e-01
2.597457543015480042e-02
4.426336288452148438e-02
2.757746540009975433e-02
8.331345394253730774e-03
2.028072439134120941e-02
1.250563561916351318e-01
5.411248207092285156e-01
1.865140497684478760e-01
4.787319898605346680e-01
5.531911253929138184e-01
4.212627187371253967e-02
4.528873562812805176e-01
1.378184854984283447e-01
7.245907783508300781e-01
2.969021201133728027e-01
2.463839352130889893e-01
7.628818275406956673e-04
4.808754194527864456e-03
1.909271231852471828e-03
3.729393705725669861e-03
2.688379259780049324e-03
7.689746562391519547e-03
1.578036509454250336e-02
2.306416071951389313e-02
2.162030637264251709e-01
7.958611845970153809e-02
2.325578406453132629e-02
3.459765315055847168e-01
3.617059066891670227e-02
4.149688780307769775e-01
4.142762422561645508e-01
4.542732834815979004e-01
1.856665709055960178e-03
6.554198265075683594e-02
4.746479988098144531e-01
5.486234556883573532e-03
1.438286602497100830e-01
2.524285018444061279e-01
1.838467270135879517e-01
1.805539056658744812e-02
2.102715149521827698e-02
7.717996090650558472e-02
2.381489425897598267e-02
1.677467525005340576e-01
3.438884764909744263e-02
7.584957302242401056e-07
7.631431486743167625e-08
2.480964362621307373e-02
1.479393249610438943e-04
2.451534382998943329e-03
2.546329233155120164e-05
2.347621339140459895e-04
6.162765901535749435e-03
8.968664587882813066e-06
1.476808683946728706e-03
6.416334509849548340e-01
8.978316187858581543e-01
5.572513341903686523e-01
3.089389204978942871e-01
3.911973237991333008e-01
5.695215463638305664e-01
6.513080596923828125e-01
2.715161144733428955e-01
2.886438071727752686e-01
6.179736852645874023e-01
4.663364887237548828e-01
1.281768381595611572e-01
3.504779934883117676e-01
1.780528724193572998e-01
4.119538068771362305e-01
9.531439282000064850e-03
6.371794641017913818e-02
1.148238405585289001e-01
1.278924942016601562e-01
1.242602095007896423e-01
5.656107664108276367e-01
6.525166034698486328e-01
5.510536488145589828e-03
1.321222726255655289e-02
6.030237767845392227e-03
8.161868900060653687e-02
2.726286277174949646e-02
9.355551004409790039e-02
4.377210512757301331e-02
1.922557055950164795e-01
1.431410610675811768e-01
5.850336328148841858e-02
6.029769778251647949e-02
6.734312977641820908e-03
3.110640645027160645e-01
3.300457727164030075e-03
7.409824430942535400e-02
1.033559255301952362e-02
6.493519544601440430e-01
4.810609817504882812e-01
2.878287434577941895e-01
5.379279702901840210e-02
5.115852355957031250e-01
2.881589829921722412e-01
8.835743367671966553e-02
5.390998125076293945e-01
4.411911666393280029e-01
1.920473277568817139e-01
2.821238040924072266e-01
2.537777461111545563e-02
6.696045398712158203e-02
2.481573224067687988e-01
7.216021418571472168e-02
4.143821895122528076e-01
7.182959914207458496e-01
1.029860079288482666e-01
1.617328822612762451e-01
1.211842000484466553e-01
4.135893881320953369e-01
1.114458683878183365e-02
2.891104817390441895e-01
1.126574352383613586e-01
2.427814900875091553e-01
1.105903089046478271e-01
5.483828186988830566e-01
5.211613141000270844e-03
1.457096450030803680e-02
4.215765371918678284e-02
1.058212071657180786e-01
2.314465120434761047e-02
3.045746088027954102e-01
8.859184384346008301e-02
7.779672741889953613e-02
6.270755529403686523e-01
6.205880083143711090e-03
2.698866650462150574e-02
1.845690421760082245e-04
2.103661894798278809e-01
1.555760055780410767e-01
4.249210357666015625e-01
3.457310958765447140e-04
6.270813755691051483e-04
3.676706552505493164e-02
7.911378517746925354e-03
2.317548496648669243e-03
1.392941176891326904e-01
3.930814936757087708e-02
8.594769239425659180e-02
1.486835479736328125e-01
1.019506156444549561e-02
3.663546144962310791e-01
3.050150573253631592e-01
2.652586698532104492e-01
6.316282749176025391e-01
3.655530512332916260e-02
2.139957249164581299e-01
3.365761041641235352e-01
5.430456399917602539e-01
4.137789011001586914e-01
1.699926145374774933e-02
6.811759471893310547e-01
1.385674327611923218e-01
7.951321452856063843e-02
1.665264666080474854e-01
9.485144913196563721e-02
4.472365230321884155e-02
8.396470546722412109e-01
2.291428446769714355e-01
2.304113507270812988e-01
1.136273220181465149e-01
7.510750293731689453e-01
6.806142330169677734e-01
9.071908593177795410e-01
2.189399898052215576e-01
6.835119724273681641e-01
5.908823013305664062e-01
2.999175488948822021e-01
7.927387356758117676e-01
8.659164905548095703e-01
8.844020366668701172e-01
2.118952274322509766e-01
2.791702747344970703e-01
4.303240031003952026e-02
5.796627141535282135e-03
6.707779318094253540e-02
1.984352618455886841e-01
2.045137733221054077e-01
2.237502932548522949e-01
6.188817787915468216e-04
3.994769882410764694e-03
7.673516273498535156e-01
9.311298727989196777e-01
8.906446695327758789e-01
6.586430072784423828e-01
6.545194387435913086e-01
4.882075190544128418e-01
6.475052833557128906e-01
8.352823853492736816e-01
6.143890619277954102e-01
3.917940855026245117e-01
7.755846381187438965e-01
9.023098945617675781e-01
7.230401039123535156e-01
6.382369399070739746e-01
4.300009012222290039e-01
8.760981559753417969e-01
9.870105385780334473e-01
7.794560194015502930e-01
7.288454771041870117e-01
8.151167631149291992e-01
9.098920822143554688e-01
9.933582544326782227e-01
8.669023513793945312e-01
9.264850616455078125e-01
9.873663187026977539e-01
9.416559934616088867e-01
9.492341876029968262e-01
9.884966015815734863e-01
9.921480417251586914e-01
9.708905220031738281e-01
6.816934347152709961e-01
7.083427906036376953e-01
6.433963775634765625e-01
9.229086637496948242e-01
6.176134347915649414e-01
7.728875279426574707e-01
5.005914568901062012e-01
5.361915826797485352e-01
4.107893109321594238e-01
6.144414097070693970e-02
8.041485548019409180e-01
9.526357054710388184e-01
7.652782201766967773e-01
6.751626729965209961e-01
8.420517444610595703e-01
9.097453951835632324e-01
9.271670579910278320e-01
9.369376897811889648e-01
9.242859482765197754e-01
9.832211732864379883e-01
9.911824464797973633e-01
6.385682523250579834e-02
9.737697839736938477e-01
9.734759926795959473e-01
9.158914089202880859e-01
6.971615552902221680e-01
5.604265928268432617e-01
1.936106830835342407e-01
8.355956077575683594e-01
8.677117228507995605e-01
5.985913798213005066e-03
3.824697136878967285e-01
3.956896811723709106e-02
5.730183124542236328e-01
3.198674619197845459e-01
7.958770394325256348e-01
2.522946596145629883e-01
7.976551055908203125e-01
1.767199635505676270e-01
8.569967001676559448e-02
4.951611757278442383e-01
6.034643650054931641e-01
3.040901720523834229e-01
7.340722084045410156e-01
5.505266189575195312e-01
1.336309462785720825e-01
7.365130186080932617e-01
8.666723370552062988e-01
5.701156258583068848e-01
7.663718461990356445e-01
6.202127933502197266e-01
7.335892915725708008e-01
5.813875198364257812e-01
9.772515296936035156e-01
8.676815032958984375e-01
8.669702410697937012e-01
8.849276304244995117e-01
6.759878396987915039e-01
8.683110475540161133e-01
8.652577996253967285e-01
6.576915979385375977e-01
9.070857763290405273e-01
9.320240616798400879e-01
9.468919038772583008e-01
9.644711017608642578e-01
6.838088631629943848e-01
9.883599281311035156e-01
9.557321071624755859e-01
7.772880792617797852e-01
4.966765940189361572e-01
7.625895738601684570e-01
7.681753635406494141e-01
8.086589574813842773e-01
7.393781542778015137e-01
7.196023464202880859e-01
8.468970060348510742e-01
9.507372379302978516e-01
3.876283168792724609e-01
5.829267501831054688e-01
9.342681169509887695e-01
2.590699121356010437e-02
1.392496824264526367e-01
2.624273598194122314e-01
7.316418886184692383e-01
2.167718671262264252e-02
2.567887678742408752e-02
1.362362131476402283e-02
2.794913351535797119e-01
3.424445390701293945e-01
2.471446692943572998e-01
7.975727319717407227e-01
6.535001397132873535e-01
8.901925086975097656e-01
8.622313737869262695e-01
7.280313372611999512e-01
9.623395204544067383e-01
8.634502291679382324e-01
9.190540313720703125e-01
8.581532239913940430e-01
8.379266858100891113e-01
3.339671492576599121e-01
3.764366507530212402e-01
5.777319073677062988e-01
8.800536394119262695e-01
8.833279013633728027e-01
6.265429854393005371e-01
9.129264354705810547e-01
2.686680555343627930e-01
7.939645051956176758e-01
4.649799466133117676e-01
3.325695693492889404e-01
5.203230977058410645e-01
7.540798187255859375e-01
6.452487707138061523e-01
4.567086696624755859e-01
5.294911190867424011e-02
8.060604333877563477e-01
6.189309954643249512e-01
4.434703588485717773e-01
8.039039373397827148e-01
2.000833451747894287e-01
1.552474498748779297e-01
3.387272655963897705e-01
4.138633012771606445e-01
3.900963347405195236e-03
2.529816925525665283e-01
7.000015974044799805e-01
3.926305770874023438e-01
2.209261357784271240e-01
1.313660889863967896e-01
6.232181787490844727e-01
3.727544471621513367e-02
8.119897842407226562e-01
8.215242624282836914e-01
8.711833357810974121e-01
8.161623477935791016e-01
3.187772333621978760e-01
3.601220548152923584e-01
7.080172300338745117e-01
8.667471408843994141e-01
1.035728603601455688e-01
6.192625686526298523e-02
6.658446975052356720e-03
8.203821182250976562e-01
6.906304955482482910e-01
8.191712498664855957e-01
1.138652022927999496e-02
6.414362788200378418e-01
1.102892830967903137e-01
5.711849927902221680e-01
8.926044702529907227e-01
9.026033878326416016e-01
9.550142288208007812e-01
6.610441207885742188e-01
9.643200635910034180e-01
9.176546335220336914e-01
8.174182176589965820e-01
9.883554577827453613e-01
8.055132627487182617e-01
9.241621494293212891e-01
9.210605025291442871e-01
6.359595060348510742e-01
4.963716119527816772e-02
3.925493955612182617e-01
5.932811498641967773e-01
7.482075691223144531e-01
9.267862439155578613e-01
4.245620965957641602e-01
9.447624683380126953e-01
7.774034142494201660e-01
3.930692672729492188e-01
9.482340812683105469e-01
7.259764671325683594e-01
2.009660154581069946e-01
8.575509786605834961e-01
5.080009102821350098e-01
9.274593591690063477e-01
5.878962278366088867e-01
2.067841589450836182e-02
9.889361858367919922e-01
7.975798845291137695e-01
9.164056181907653809e-01
7.611155509948730469e-01
7.527290582656860352e-01
8.978091478347778320e-01
9.787670969963073730e-01
7.641153335571289062e-01
7.453453540802001953e-01
9.868764877319335938e-01
6.909921169281005859e-01
8.488661050796508789e-01
8.234630227088928223e-01
6.507602930068969727e-01
4.196109175682067871e-01
4.658456444740295410e-01
4.046271145343780518e-01
5.726585388183593750e-01
9.296920299530029297e-01
6.862611770629882812e-01
6.163749098777770996e-01
6.204862594604492188e-01
4.871282726526260376e-02
4.445222020149230957e-01
6.882522702217102051e-01
4.098543822765350342e-01
1.013038903474807739e-01
5.238725543022155762e-01
4.902476370334625244e-01
1.110922470688819885e-01
8.446109294891357422e-01
5.839879512786865234e-01
9.727404117584228516e-01
9.626339673995971680e-01
8.127692341804504395e-01
9.519721269607543945e-01
8.547728061676025391e-01
9.128755927085876465e-01
9.170217514038085938e-01
6.511945128440856934e-01
8.390605449676513672e-01
2.900851666927337646e-01
4.871476292610168457e-01
9.220322221517562866e-02
3.089437484741210938e-01
1.907225847244262695e-01
1.311949789524078369e-01
2.133100628852844238e-01
3.002492189407348633e-01
2.461331337690353394e-01
7.888146042823791504e-01
8.869922757148742676e-01
3.560915291309356689e-01
7.219762206077575684e-01
6.425408124923706055e-01
9.396225810050964355e-01
5.690981149673461914e-01
7.120274305343627930e-01
5.772421956062316895e-01
8.491203784942626953e-01
6.157948374748229980e-01
3.130486011505126953e-01
7.661559581756591797e-01
7.537806034088134766e-01
8.100413084030151367e-01
7.921553850173950195e-01
2.352974265813827515e-01
5.411502122879028320e-01
8.799685239791870117e-01
9.410578012466430664e-01
7.233551740646362305e-01
8.765354156494140625e-01
9.140675663948059082e-01
8.942584991455078125e-01
9.823778867721557617e-01
9.301732778549194336e-01
4.154885709285736084e-01
7.706646323204040527e-01
7.523468136787414551e-01
9.878654479980468750e-01
2.127254605293273926e-01
9.677043557167053223e-01
5.866835713386535645e-01
7.655389308929443359e-01
5.212293863296508789e-01
5.563142895698547363e-01
9.356600642204284668e-01
9.703692793846130371e-01
8.694858551025390625e-01
3.948418498039245605e-01
5.808485150337219238e-01
8.657399415969848633e-01
8.292669057846069336e-01
7.679246664047241211e-01
5.161705017089843750e-01
7.384108901023864746e-01
7.629400491714477539e-01
5.676443576812744141e-01
4.349775612354278564e-01
9.298107624053955078e-01
8.618066310882568359e-01
6.421216726303100586e-01
8.966983556747436523e-01
4.798914492130279541e-01
7.876615524291992188e-01
9.391848444938659668e-01
8.807581067085266113e-01
3.820239901542663574e-01
6.583817005157470703e-01
5.090906620025634766e-01
4.272236824035644531e-01
8.274589478969573975e-02
9.345830976963043213e-02
5.941901803016662598e-01
3.807701766490936279e-01
7.191287279129028320e-01
2.179523706436157227e-01
3.355984687805175781e-01
4.730203747749328613e-01
1.041196733713150024e-01
5.873448252677917480e-01
5.936359167098999023e-01
5.806580185890197754e-01
8.079326152801513672e-01
8.215214014053344727e-01
4.763231873512268066e-01
7.970294952392578125e-01
8.865178823471069336e-01
3.261465132236480713e-01
5.721088051795959473e-01
3.995696008205413818e-01
2.505951523780822754e-01
3.814637660980224609e-01
8.179134130477905273e-01
7.754859924316406250e-01
1.195717453956604004e-01
3.207889199256896973e-01
1.533114910125732422e-01
3.115311563014984131e-01
7.824134826660156250e-01
2.789635062217712402e-01
2.520980127155780792e-02
4.537160396575927734e-01
7.042641043663024902e-01
7.412052154541015625e-01
4.436265826225280762e-01
4.185011684894561768e-01
5.163824558258056641e-01
4.996854066848754883e-01
7.049208879470825195e-01
4.660731852054595947e-01
9.537581205368041992e-01
3.354510068893432617e-01
6.823667287826538086e-01
9.010196328163146973e-01
8.814349174499511719e-01
8.586064577102661133e-01
8.219118118286132812e-01
9.139263033866882324e-01
5.514642000198364258e-01
7.427306771278381348e-01
3.645299077033996582e-01
8.304819464683532715e-01
9.054544568061828613e-01
2.803491652011871338e-01
9.788711071014404297e-01
9.776956439018249512e-01
9.865378141403198242e-01
8.170703649520874023e-01
9.867120385169982910e-01
9.985820055007934570e-01
8.547806739807128906e-01
8.537356853485107422e-01
7.952952384948730469e-01
6.948058605194091797e-01
8.860262632369995117e-01
9.432389736175537109e-01
9.262413978576660156e-01
2.058079838752746582e-01
7.283926010131835938e-01
7.229170203208923340e-01
9.288508892059326172e-01
9.371712207794189453e-01
6.541966199874877930e-01
4.720963835716247559e-01
7.059720158576965332e-01
7.893977165222167969e-01
2.799565196037292480e-01
9.694105386734008789e-01
3.394206762313842773e-01
9.568263292312622070e-01
3.355952724814414978e-02
2.882704138755798340e-01
4.763355255126953125e-01
2.610004879534244537e-02
8.540261387825012207e-01
9.564968198537826538e-02
5.403802730143070221e-03
3.220018446445465088e-01
4.912315309047698975e-02
2.665077149868011475e-01
8.376032114028930664e-01
9.562150239944458008e-01
9.873802661895751953e-01
9.861054420471191406e-01
8.663418292999267578e-01
9.538286924362182617e-01
9.227272272109985352e-01
9.378256797790527344e-01
8.625244498252868652e-01
6.115367412567138672e-01
8.387273550033569336e-01
3.339849784970283508e-02
6.230557560920715332e-01
8.818994760513305664e-01
1.767840385437011719e-01
8.524496108293533325e-02
5.519264936447143555e-01
3.465827107429504395e-01
2.325199991464614868e-01
9.457861185073852539e-01
5.573220849037170410e-01
6.866753101348876953e-01
4.014846086502075195e-01
2.246781885623931885e-01
8.884065151214599609e-01
7.432778179645538330e-02
5.862675905227661133e-01
4.071187674999237061e-01
7.835938334465026855e-01
5.927205681800842285e-01
8.129775524139404297e-01
8.461745977401733398e-01
2.528513669967651367e-01
2.717625796794891357e-01
4.423848986625671387e-01
2.483871579170227051e-01
4.935280084609985352e-01
3.740345835685729980e-01
7.061975002288818359e-01
7.032459378242492676e-01
8.750587105751037598e-01
7.335166931152343750e-01
9.666548967361450195e-01
7.324662208557128906e-01
8.811379671096801758e-01
7.103871107101440430e-01
4.534643292427062988e-01
9.396390914916992188e-01
8.524212241172790527e-01
5.943774580955505371e-01
2.892471253871917725e-01
2.854684591293334961e-01
8.745450973510742188e-01
4.846855401992797852e-01
2.828193604946136475e-01
9.093608260154724121e-01
4.918919503688812256e-01
2.471026480197906494e-01
8.636064529418945312e-01
5.954986214637756348e-01
8.119603246450424194e-02
3.045639693737030029e-01
4.086517095565795898e-01
6.098831892013549805e-01
4.707717299461364746e-01
3.738513290882110596e-01
3.036876022815704346e-01
4.304159879684448242e-01
1.553909778594970703e-01
5.307450294494628906e-01
8.902480602264404297e-01
9.133057594299316406e-01
9.360408782958984375e-01
7.848994135856628418e-01
9.724565744400024414e-01
9.473022222518920898e-01
5.893266797065734863e-01
9.049068689346313477e-01
9.514582753181457520e-01
9.040118455886840820e-01
1.158550307154655457e-01
1.892061829566955566e-01
2.940251231193542480e-01
5.363144725561141968e-02
2.930901758372783661e-02
3.570510745048522949e-01
9.314956665039062500e-01
3.984699547290802002e-01
5.551494359970092773e-01
8.233374357223510742e-01
7.771075367927551270e-01
9.953019022941589355e-01
9.716639518737792969e-01
9.298701286315917969e-01
8.306879997253417969e-01
8.641622662544250488e-01
9.288726449012756348e-01
8.455538749694824219e-01
9.679203629493713379e-01
9.633122682571411133e-01
7.280480861663818359e-02
5.950419902801513672e-01
3.905234336853027344e-01
8.077083826065063477e-01
7.789292335510253906e-01
2.553537487983703613e-01
6.560725569725036621e-01
9.012210369110107422e-01
9.591138958930969238e-01
5.434473752975463867e-01
9.267106056213378906e-01
8.874112367630004883e-01
9.447093009948730469e-01
7.451046109199523926e-01
8.512921333312988281e-01
1.624183654785156250e-01
7.557331323623657227e-01
6.204938888549804688e-01
4.738497734069824219e-01
4.169418215751647949e-01
6.579526662826538086e-01
6.153540611267089844e-01
9.284000396728515625e-01
4.188848435878753662e-01
5.237625837326049805e-01
9.573416709899902344e-01
9.919373989105224609e-01
9.323519468307495117e-01
8.087037801742553711e-01
8.150954246520996094e-01
4.118600785732269287e-01
4.774150848388671875e-01
4.499200880527496338e-01
8.387178778648376465e-01
7.008001804351806641e-01
9.677553176879882812e-01
7.773220539093017578e-01
7.574856281280517578e-02
8.956167101860046387e-02
4.787742495536804199e-01
9.504494071006774902e-02
7.274558544158935547e-01
9.138429164886474609e-01
7.074797749519348145e-01
6.240668296813964844e-01
9.615737795829772949e-01
6.883784532546997070e-01
5.765434503555297852e-01
8.525925874710083008e-01
7.284768819808959961e-01
9.323590993881225586e-01
7.987209558486938477e-01
9.677715301513671875e-01
9.897013902664184570e-01
6.164067983627319336e-01
9.726126194000244141e-01
8.521810770034790039e-01
8.696479201316833496e-01
9.521659612655639648e-01
9.086816310882568359e-01
5.158511996269226074e-01
1.042709797620773315e-01
9.600512385368347168e-01
8.459959030151367188e-01
6.702287197113037109e-01
8.155415058135986328e-01
1.069687157869338989e-01
4.655859768390655518e-01
2.052215039730072021e-01
4.598000645637512207e-01
5.045397877693176270e-01
9.007367491722106934e-01
5.895859003067016602e-01
9.668716788291931152e-01
2.960081100463867188e-01
5.544002056121826172e-01
5.958185195922851562e-01
8.991788625717163086e-01
6.100322604179382324e-01
7.065645456314086914e-01
9.785171747207641602e-01
6.187469959259033203e-01
8.201666176319122314e-02
2.035951316356658936e-01
3.898807466030120850e-01
8.683729171752929688e-01
6.518615484237670898e-01
9.150636196136474609e-01
8.743009567260742188e-01
3.752978444099426270e-01
5.306097269058227539e-01
6.642532944679260254e-01
1.761776953935623169e-01
5.882964134216308594e-01
5.582148432731628418e-01
6.145105361938476562e-01
4.721087813377380371e-01
3.548035025596618652e-01
5.948241949081420898e-01
1.477478444576263428e-01
8.474547863006591797e-01
2.969301939010620117e-01
8.141942024230957031e-01
8.508621454238891602e-01
5.565146207809448242e-01
3.647899627685546875e-01
8.764576911926269531e-01
6.094663143157958984e-01
8.182303309440612793e-01
3.441752493381500244e-01
3.979412913322448730e-01
1.153984516859054565e-01
1.802694499492645264e-01
1.762838661670684814e-02
1.099743021768517792e-04
1.616990193724632263e-02
1.002009660005569458e-01
6.622627973556518555e-01
2.460678517818450928e-01
7.596211135387420654e-02
4.260360598564147949e-01
2.975893616676330566e-01
1.111737415194511414e-01
9.121706709265708923e-03
2.822791459038853645e-03
5.156385526061058044e-02
2.414288232102990150e-03
2.698387503623962402e-01
1.198368892073631287e-01
5.645545721054077148e-01
5.825582146644592285e-01
3.590452671051025391e-01
4.971317052841186523e-01
4.096859097480773926e-01
6.513447761535644531e-01
4.635689854621887207e-01
2.470990829169750214e-02
3.959713131189346313e-02
6.480023860931396484e-01
5.910959467291831970e-02
7.947055697441101074e-01
8.977930545806884766e-01
9.314391613006591797e-01
9.185829162597656250e-01
7.543709278106689453e-01
7.929897308349609375e-01
9.132041931152343750e-01
8.938238620758056641e-01
8.679347038269042969e-01
9.834011793136596680e-01
5.396923422813415527e-02
3.665998280048370361e-01
7.108291983604431152e-02
5.008023977279663086e-01
2.010502815246582031e-01
4.243796765804290771e-01
6.603844165802001953e-01
5.863451957702636719e-01
2.280118614435195923e-01
5.851532816886901855e-01
6.512005925178527832e-01
9.717284440994262695e-01
9.914314746856689453e-01
8.292303085327148438e-01
9.791391491889953613e-01
5.733919739723205566e-01
8.781673908233642578e-01
9.692652225494384766e-01
4.699801206588745117e-01
7.551727294921875000e-01
6.501363515853881836e-01
8.664547204971313477e-01
9.120278358459472656e-01
8.996080160140991211e-01
4.415099024772644043e-01
9.725909233093261719e-01
9.270899295806884766e-01
6.476998329162597656e-01
9.687410593032836914e-01
9.841460585594177246e-01
9.640836715698242188e-01
9.098477363586425781e-01
5.623721480369567871e-01
9.610626101493835449e-01
6.078141331672668457e-01
5.831004381179809570e-01
5.835655927658081055e-01
9.535165429115295410e-01
7.992950677871704102e-01
5.867400765419006348e-01
4.735302627086639404e-01
2.768934965133666992e-01
8.777956962585449219e-01
4.628831148147583008e-01
4.566412568092346191e-01
3.574232459068298340e-01
1.679982990026473999e-02
6.277135610580444336e-01
4.174219667911529541e-01
3.348276019096374512e-01
8.291516900062561035e-01
7.723872661590576172e-01
3.617196083068847656e-01
8.725634813308715820e-01
7.736127376556396484e-01
5.833383202552795410e-01
5.034518837928771973e-01
7.273597121238708496e-01
9.461219310760498047e-01
7.578101158142089844e-01
2.742544114589691162e-01
4.146427810192108154e-01
1.321744322776794434e-01
7.215950489044189453e-01
2.943845987319946289e-01
9.999998211860656738e-01
9.999849796295166016e-01
7.023025751113891602e-01
5.204240083694458008e-01
9.999954104423522949e-01
4.977931082248687744e-01
7.305386662483215332e-01
8.783562183380126953e-01
1.813337206840515137e-01
4.146939516067504883e-01
8.003214597702026367e-01
8.173714876174926758e-01
9.683073759078979492e-01
7.031320929527282715e-01
9.320578575134277344e-01
9.489877223968505859e-01
7.621903419494628906e-01
6.252759695053100586e-01
1.477504074573516846e-01
8.603664040565490723e-01
6.823449134826660156e-01
4.958069324493408203e-01
8.498209714889526367e-01
7.152010202407836914e-01
1.294289678335189819e-01
8.520301580429077148e-01
7.189507484436035156e-01
8.382946252822875977e-01
9.308573007583618164e-01
8.951612114906311035e-01
8.373347520828247070e-01
8.917545080184936523e-01
6.471840143203735352e-01
7.859452962875366211e-01
9.234585762023925781e-01
6.215959787368774414e-01
6.564301848411560059e-01
5.965526103973388672e-01
6.922158002853393555e-01
5.588589310646057129e-01
3.235033154487609863e-01
9.245551228523254395e-01
9.443784952163696289e-01
3.668097257614135742e-01
6.631354093551635742e-01
9.741862416267395020e-01
8.240930438041687012e-01
9.193449020385742188e-01
8.872938752174377441e-01
9.413689374923706055e-01
7.569370865821838379e-01
9.597383141517639160e-01
9.652191400527954102e-01
9.313467741012573242e-01
8.021492362022399902e-01
6.520019769668579102e-01
7.579668760299682617e-01
4.555063843727111816e-01
7.897366285324096680e-01
7.452864050865173340e-01
9.668425321578979492e-01
3.894933760166168213e-01
1.334644854068756104e-01
9.373699128627777100e-02
8.811100721359252930e-01
3.119128942489624023e-01
8.208361864089965820e-01
9.373796582221984863e-01
9.917726516723632812e-01
4.284470081329345703e-01
8.678348064422607422e-01
9.654722809791564941e-01
6.762844324111938477e-01
5.645118355751037598e-01
4.426175355911254883e-01
3.885928690433502197e-01
5.981957912445068359e-01
8.991456031799316406e-01
3.510556221008300781e-01
8.812681436538696289e-01
4.887409806251525879e-01
8.454195261001586914e-01
5.214594006538391113e-01
6.879581809043884277e-01
9.538826346397399902e-01
9.298554658889770508e-01
7.005526870489120483e-02
2.290678322315216064e-01
1.609303951263427734e-01
5.338955521583557129e-01
3.802970945835113525e-01
8.135021924972534180e-01
8.374120295047760010e-02
2.500607073307037354e-01
6.106377840042114258e-01
8.759171962738037109e-01
8.480095267295837402e-01
9.376159310340881348e-01
5.258491039276123047e-01
8.828319311141967773e-01
9.221098423004150391e-01
7.944774031639099121e-01
5.359159708023071289e-01
3.587327897548675537e-02
9.112062454223632812e-01
7.150832414627075195e-01
6.887804269790649414e-01
5.831995606422424316e-01
9.414410591125488281e-01
9.675873517990112305e-01
8.264693021774291992e-01
8.601085543632507324e-01
9.537865519523620605e-01
9.021562337875366211e-01
9.757333397865295410e-01
3.372427821159362793e-01
2.014723420143127441e-01
2.855249047279357910e-01
5.764579176902770996e-01
2.139955013990402222e-01
8.327809572219848633e-01
3.740271329879760742e-01
6.395289301872253418e-02
1.681955754756927490e-01
3.496339917182922363e-01
5.659793615341186523e-01
4.506456255912780762e-01
8.436312079429626465e-01
8.261828422546386719e-01
1.882862448692321777e-01
1.223554089665412903e-01
3.828638792037963867e-01
3.866450786590576172e-01
9.511520266532897949e-01
1.214946508407592773e-01
8.192516565322875977e-01
7.889526486396789551e-01
9.835917353630065918e-01
8.056061267852783203e-01
4.921173453330993652e-01
3.751502931118011475e-01
9.463229179382324219e-01
8.667401075363159180e-01
2.865624129772186279e-01
6.107908487319946289e-01
9.653337001800537109e-01
8.642790317535400391e-01
9.607456922531127930e-01
9.574894905090332031e-01
9.504925012588500977e-01
6.980698108673095703e-01
8.885514736175537109e-01
9.766610860824584961e-01
8.595746755599975586e-01
8.673477768898010254e-01
7.214823961257934570e-01
5.718684196472167969e-01
8.633079528808593750e-01
8.870489001274108887e-01
7.228534221649169922e-01
7.471668124198913574e-01
2.744571864604949951e-01
9.716217517852783203e-01
5.852741003036499023e-01
5.230236053466796875e-01
7.416288852691650391e-01
9.439897537231445312e-01
6.084098815917968750e-01
9.804056286811828613e-01
9.686252474784851074e-01
9.640089869499206543e-01
9.567685127258300781e-01
9.721411466598510742e-01
9.243196249008178711e-01
8.900210857391357422e-01
9.816705584526062012e-01
5.925278663635253906e-01
9.316762685775756836e-01
7.624781727790832520e-01
8.104871511459350586e-01
9.803990125656127930e-01
9.347220063209533691e-01
8.119755983352661133e-01
8.802177906036376953e-01
3.136999607086181641e-01
5.346187353134155273e-01
2.565036416053771973e-01
4.697299003601074219e-01
2.158478945493698120e-01
3.398603796958923340e-01
5.759337544441223145e-01
7.903786301612854004e-01
6.993461251258850098e-01
4.619733095169067383e-01
5.248134732246398926e-01
8.419957756996154785e-01
7.803559303283691406e-01
9.901174306869506836e-01
9.939741492271423340e-01
7.948663234710693359e-01
5.295968651771545410e-01
9.861227273941040039e-01
9.891202449798583984e-01
8.343436717987060547e-01
8.323903083801269531e-01
4.836671948432922363e-01
6.801608204841613770e-02
7.660036534070968628e-02
5.635614991188049316e-01
9.586217999458312988e-02
9.614513069391250610e-02
9.803491085767745972e-02
4.746221601963043213e-01
4.828996956348419189e-03
8.219530582427978516e-01
1.932671666145324707e-01
5.946600437164306641e-01
8.724423646926879883e-01
9.051846265792846680e-01
7.150129079818725586e-01
9.930753707885742188e-01
8.879470229148864746e-01
8.291225433349609375e-01
3.776345849037170410e-01
9.880360364913940430e-01
4.640620946884155273e-01
6.493060588836669922e-01
9.488631784915924072e-02
7.319328188896179199e-01
6.149504184722900391e-01
5.274487733840942383e-01
3.241631686687469482e-01
5.142367631196975708e-02
7.003781944513320923e-02
2.528703808784484863e-01
2.306621372699737549e-01
2.222266420722007751e-02
8.064084649085998535e-01
1.892730221152305603e-02
4.557351768016815186e-01
3.490265607833862305e-01
5.147547125816345215e-01
7.685514688491821289e-01
1.896090656518936157e-01
2.774583101272583008e-01
2.472959458827972412e-01
1.896013319492340088e-01
1.767820119857788086e-01
1.951570659875869751e-01
4.666731357574462891e-01
7.449160814285278320e-01
4.583959579467773438e-01
4.124079346656799316e-01
8.885960280895233154e-02
1.228052079677581787e-01
