1.703061163425445557e-01
3.228209912776947021e-02
2.351778149604797363e-01
1.447596848011016846e-01
4.215018451213836670e-02
1.651867926120758057e-01
9.230221807956695557e-02
1.698413118720054626e-02
2.428762428462505341e-02
4.036078974604606628e-02
2.141944132745265961e-02
4.293431341648101807e-01
8.064214885234832764e-02
5.767585635185241699e-01
8.560802936553955078e-01
2.917027473449707031e-01
8.477728962898254395e-01
4.960404336452484131e-02
4.097599983215332031e-01
6.149688269942998886e-03
8.074743300676345825e-02
4.099441226571798325e-03
3.742606192827224731e-02
2.691761851310729980e-01
2.018606066703796387e-01
3.124769926071166992e-01
6.878069136291742325e-03
2.585914731025695801e-01
4.251638948917388916e-01
1.099291071295738220e-01
1.499454081058502197e-01
7.294776290655136108e-02
2.053682506084442139e-02
2.520072460174560547e-01
2.913504242897033691e-01
1.074710671673528850e-04
1.710126996040344238e-01
1.823764741420745850e-01
1.408536136150360107e-01
1.858341991901397705e-01
4.978043437004089355e-01
9.640746712684631348e-01
7.895916700363159180e-01
2.449777424335479736e-01
7.068695425987243652e-01
3.474499285221099854e-01
4.554884433746337891e-01
1.333256214857101440e-01
2.733538150787353516e-01
2.048719227313995361e-01
3.461180329322814941e-01
5.282917618751525879e-01
3.301930725574493408e-01
4.014729857444763184e-01
5.139735341072082520e-01
6.828954219818115234e-01
5.637452602386474609e-01
3.326719105243682861e-01
6.744885444641113281e-01
6.382533311843872070e-01
1.020454019308090210e-01
1.689615398645401001e-01
2.485416978597640991e-01
6.498720645904541016e-01
2.147014290094375610e-01
3.168168067932128906e-01
2.052070945501327515e-01
2.630765438079833984e-01
1.002784222364425659e-01
5.625426769256591797e-01
4.280686378479003906e-01
4.749566316604614258e-01
7.352312803268432617e-01
1.898202449083328247e-01
3.460029363632202148e-01
1.942081153392791748e-01
3.335737287998199463e-01
5.477876067161560059e-01
2.670056223869323730e-01
6.503022909164428711e-01
1.884667575359344482e-02
5.250828266143798828e-01
1.010822430253028870e-01
1.870731860399246216e-01
2.369308322668075562e-01
2.877935171127319336e-01
1.039561778306961060e-01
2.423236221075057983e-01
9.735941141843795776e-02
2.500172853469848633e-01
3.527798056602478027e-01
3.356907367706298828e-01
3.462905585765838623e-01
3.548977375030517578e-01
2.937836945056915283e-01
1.840080134570598602e-02
9.775844216346740723e-02
4.575462341308593750e-01
2.450304031372070312e-01
3.882328793406486511e-02
3.055299520492553711e-01
1.461475044488906860e-01
5.594787597656250000e-01
4.557136297225952148e-01
3.394767642021179199e-01
6.177901625633239746e-01
6.023699641227722168e-01
1.012620925903320312e-01
3.916284441947937012e-01
3.103536069393157959e-01
7.586728334426879883e-01
5.315231084823608398e-01
5.823990106582641602e-01
5.263080596923828125e-01
4.085473418235778809e-01
2.285639792680740356e-01
9.591400623321533203e-01
5.405491590499877930e-01
9.043796919286251068e-03
3.317782282829284668e-01
1.641574054956436157e-01
6.976814866065979004e-01
7.824109867215156555e-03
4.935773909091949463e-01
8.874044418334960938e-01
6.114335704410223116e-09
7.440238550771027803e-05
4.277248382568359375e-01
5.598683655261993408e-02
5.786026716232299805e-01
4.537581205368041992e-01
6.364742293953895569e-04
6.976674795150756836e-01
5.079809427261352539e-01
4.832556247711181641e-01
3.552358970046043396e-02
1.698373556137084961e-01
8.900554776191711426e-01
3.514560461044311523e-01
5.846363902091979980e-01
2.835384905338287354e-01
3.947624266147613525e-01
3.659356534481048584e-01
6.157656908035278320e-01
1.909513026475906372e-01
7.574434280395507812e-01
3.565185070037841797e-01
6.696113348007202148e-01
2.890293598175048828e-01
2.288872152566909790e-01
1.673736721277236938e-01
1.663715839385986328e-01
3.537322953343391418e-02
6.225913763046264648e-02
3.306370377540588379e-01
3.268390595912933350e-01
3.362054228782653809e-01
6.130750179290771484e-01
7.553394436836242676e-01
3.599363565444946289e-01
1.982673108577728271e-01
2.390975058078765869e-01
4.898184239864349365e-01
1.960214786231517792e-02
7.967276871204376221e-02
1.176278851926326752e-02
5.103490948677062988e-01
5.827670097351074219e-01
4.634170979261398315e-02
2.314536720514297485e-01
3.610638976097106934e-01
5.897641181945800781e-01
3.211497962474822998e-01
2.858032286167144775e-01
3.116246163845062256e-01
2.717216312885284424e-01
3.364695310592651367e-01
8.560814857482910156e-01
4.160586893558502197e-01
6.032142043113708496e-01
1.519835293292999268e-01
1.039369031786918640e-01
3.512771800160408020e-02
1.328517198562622070e-01
2.143513262271881104e-01
3.963384032249450684e-01
1.313143074512481689e-01
1.951847374439239502e-01
2.584088742733001709e-01
1.735921055078506470e-01
5.010089874267578125e-01
7.321842014789581299e-02
1.241641342639923096e-01
4.684543013572692871e-01
7.098606321960687637e-03
2.440272718667984009e-01
5.578404664993286133e-01
2.066059410572052002e-01
3.332567512989044189e-01
1.113381236791610718e-02
1.720900386571884155e-01
1.764463335275650024e-01
1.081384047865867615e-01
4.275776147842407227e-01
1.452407706528902054e-02
3.335291147232055664e-01
6.886894702911376953e-01
3.417487442493438721e-02
5.444192290306091309e-01
1.337822824716567993e-01
3.153600692749023438e-01
2.474458366632461548e-01
1.553327888250350952e-01
2.144515663385391235e-01
2.573100924491882324e-01
1.421273201704025269e-01
5.600029230117797852e-02
3.633375763893127441e-01
3.546912968158721924e-01
8.390979766845703125e-01
5.933181047439575195e-01
1.094936951994895935e-02
2.582520246505737305e-01
3.792763501405715942e-02
1.249116063117980957e-01
2.551909685134887695e-01
3.114540576934814453e-01
1.287830471992492676e-01
4.953045248985290527e-01
5.727096796035766602e-01
7.157642841339111328e-01
1.555322110652923584e-01
4.544449448585510254e-01
2.240894436836242676e-01
1.306838095188140869e-01
3.083302453160285950e-02
4.111957252025604248e-01
2.177785038948059082e-01
4.716788232326507568e-01
5.977772474288940430e-01
3.699966967105865479e-01
2.032069563865661621e-01
4.946010112762451172e-01
1.488277167081832886e-01
2.870837748050689697e-01
4.198633730411529541e-01
5.962477326393127441e-01
2.957560867071151733e-02
1.816202104091644287e-01
6.679700314998626709e-02
3.845684528350830078e-01
3.294208645820617676e-01
3.288829326629638672e-01
5.824487805366516113e-01
3.465394377708435059e-01
4.095062017440795898e-01
4.567403197288513184e-01
2.463400512933731079e-01
9.844797104597091675e-02
1.617484241724014282e-01
1.746028363704681396e-01
5.636037141084671021e-02
1.417675707489252090e-02
1.647441387176513672e-01
5.652936100959777832e-01
3.920317292213439941e-01
2.896912693977355957e-01
2.140209823846817017e-02
3.607985973358154297e-01
2.594677507877349854e-01
7.447765767574310303e-02
1.857002079486846924e-02
3.181781470775604248e-01
3.458527103066444397e-02
1.220796629786491394e-01
6.084259971976280212e-02
4.579619169235229492e-01
1.702323183417320251e-02
1.685915887355804443e-02
2.876677364110946655e-02
7.278277277946472168e-01
5.967538356781005859e-01
3.770261406898498535e-01
3.448769152164459229e-01
3.217152357101440430e-01
1.153127402067184448e-01
6.338585615158081055e-01
6.347098350524902344e-01
3.158578872680664062e-01
9.633392095565795898e-01
3.589814901351928711e-01
3.425981104373931885e-02
1.617378741502761841e-01
8.390084505081176758e-01
5.271179676055908203e-01
4.480416178703308105e-01
3.834746479988098145e-01
3.405565917491912842e-01
4.736815094947814941e-01
2.157209217548370361e-01
2.845788598060607910e-01
4.876548647880554199e-01
1.302165389060974121e-01
1.589252948760986328e-01
5.693960562348365784e-02
8.017715811729431152e-02
2.987529635429382324e-01
7.462021708488464355e-01
7.302349060773849487e-02
1.039212346076965332e-01
4.475914239883422852e-01
4.352189898490905762e-01
4.859129190444946289e-01
2.519249729812145233e-02
3.740993142127990723e-01
1.945914775133132935e-01
5.419727563858032227e-01
2.834332287311553955e-01
2.169049978256225586e-01
5.191546678543090820e-01
1.910542696714401245e-01
1.249797292985022068e-03
3.082536004228586535e-09
1.153782690048454906e-12
5.010791495442390442e-02
6.186936497688293457e-01
8.410451561212539673e-02
5.817168494104407728e-05
3.228942751884460449e-01
5.063065290451049805e-01
1.957011371850967407e-01
6.312775611877441406e-01
5.988007760606706142e-04
5.813721194863319397e-02
2.436613142490386963e-01
9.244946762919425964e-03
5.932669639587402344e-01
9.867646545171737671e-02
1.515575945377349854e-01
5.269780158996582031e-01
4.704017937183380127e-02
1.944325119256973267e-01
1.995698511600494385e-01
3.703415393829345703e-01
2.385502159595489502e-01
6.777603626251220703e-01
8.719146251678466797e-01
9.953868389129638672e-01
1.297991070896387100e-02
3.237898647785186768e-01
7.137567996978759766e-01
2.119314521551132202e-01
3.205987215042114258e-01
2.680017054080963135e-01
1.295538246631622314e-01
1.390131413936614990e-01
3.138139247894287109e-01
4.076249152421951294e-02
3.370591104030609131e-01
7.331604510545730591e-02
8.077576160430908203e-01
4.973389208316802979e-01
4.357856810092926025e-01
2.911239117383956909e-02
4.890842437744140625e-01
5.060986876487731934e-01
6.331295371055603027e-01
8.663953542709350586e-01
3.995700478553771973e-01
8.483213186264038086e-01
2.970851063728332520e-01
2.945212721824645996e-01
1.160067394375801086e-01
6.295405626296997070e-01
4.913893342018127441e-01
3.429614901542663574e-01
5.532892942428588867e-01
6.970904469490051270e-01
6.526027321815490723e-01
5.780098438262939453e-01
1.497161984443664551e-01
7.010264992713928223e-01
5.738256964832544327e-03
3.070653788745403290e-02
5.374966859817504883e-01
1.695202954579144716e-04
2.525850534439086914e-01
1.543777645565569401e-03
4.937494397163391113e-01
2.949222922325134277e-01
8.195134997367858887e-02
5.838586688041687012e-01
9.130319356918334961e-01
4.816045761108398438e-01
3.379108011722564697e-01
3.689754307270050049e-01
1.266803890466690063e-01
8.992535993456840515e-03
1.763157248497009277e-01
9.157674312591552734e-01
2.512327581644058228e-02
4.866803288459777832e-01
2.335629612207412720e-01
9.237331151962280273e-02
4.267097637057304382e-02
3.891332745552062988e-01
3.856274858117103577e-02
2.022903561592102051e-01
3.301468193531036377e-01
1.312165409326553345e-01
5.725713074207305908e-02
6.050647236406803131e-03
4.817698597908020020e-01
2.703632414340972900e-01
3.031582534313201904e-01
9.603812694549560547e-01
6.890279054641723633e-01
3.593168556690216064e-01
1.368757486343383789e-01
4.385089129209518433e-02
3.818767070770263672e-01
4.296166002750396729e-01
2.034564465284347534e-01
9.775254726409912109e-01
3.226988613605499268e-01
5.461784005165100098e-01
2.535204589366912842e-01
7.921423912048339844e-01
3.735431134700775146e-01
2.049573361873626709e-01
1.448166370391845703e-01
3.464969992637634277e-01
8.927407860755920410e-02
1.742240041494369507e-01
2.991554141044616699e-01
8.567922711372375488e-01
6.904752254486083984e-01
4.598062336444854736e-01
7.604952454566955566e-01
5.998066067695617676e-01
2.206475734710693359e-01
3.427590727806091309e-01
5.608394145965576172e-01
5.210689306259155273e-01
4.037577211856842041e-01
3.432749807834625244e-01
3.883551061153411865e-01
4.152503311634063721e-01
6.468312740325927734e-01
2.251729220151901245e-01
2.603051066398620605e-01
4.995207190513610840e-01
6.894252300262451172e-01
6.582083106040954590e-01
5.453705191612243652e-01
6.061862409114837646e-02
5.468163490295410156e-01
7.120135426521301270e-01
2.065071612596511841e-01
4.863863587379455566e-01
6.236451677978038788e-03
4.060923308134078979e-02
1.410868391394615173e-02
3.241347149014472961e-02
4.901462793350219727e-01
1.392818242311477661e-01
2.915050648152828217e-02
3.125548660755157471e-01
1.413589566946029663e-01
5.290337838232517242e-03
6.964188069105148315e-02
5.110462009906768799e-02
3.266943693161010742e-01
2.428574860095977783e-02
1.752348244190216064e-01
2.739690802991390228e-02
2.548660039901733398e-01
1.624736338853836060e-01
1.791736297309398651e-02
2.547597289085388184e-01
8.874716609716415405e-02
1.684063300490379333e-02
2.609359920024871826e-01
2.196025252342224121e-01
3.790236711502075195e-01
2.851906120777130127e-01
1.089241504669189453e-01
5.247607082128524780e-02
1.998118460178375244e-01
5.590686798095703125e-01
4.304517209529876709e-01
1.942468881607055664e-01
6.477522850036621094e-02
4.724098145961761475e-01
9.037084132432937622e-02
2.851001024246215820e-01
1.620354354381561279e-01
4.673074483871459961e-01
1.150180250406265259e-01
3.852385580539703369e-01
4.062005281448364258e-01
1.682729125022888184e-01
3.532193973660469055e-02
1.231250762939453125e-01
1.077246516942977905e-01
2.486069500446319580e-01
3.594929352402687073e-03
3.176074624061584473e-01
8.737672120332717896e-02
4.993472993373870850e-01
3.416953980922698975e-02
2.396622151136398315e-01
2.202714085578918457e-01
8.934722840785980225e-02
4.880786687135696411e-02
1.577011644840240479e-01
8.478049933910369873e-02
4.800441116094589233e-02
1.796426717191934586e-03
1.268503963947296143e-01
2.427994310855865479e-01
3.607745766639709473e-01
4.633474349975585938e-01
5.831141471862792969e-01
5.776696801185607910e-01
1.253469288349151611e-01
2.210012637078762054e-03
2.796910703182220459e-01
1.224289461970329285e-02
4.139755368232727051e-01
3.417023420333862305e-01
1.503138542175292969e-01
6.635984182357788086e-01
1.298273056745529175e-01
2.380869090557098389e-01
8.413906097412109375e-01
5.726027302443981171e-03
3.368817642331123352e-02
2.494988217949867249e-02
6.705963611602783203e-02
2.223322242498397827e-01
3.788483738899230957e-01
2.779095172882080078e-01
4.352967143058776855e-01
4.830079078674316406e-01
5.694935321807861328e-01
2.713695466518402100e-01
4.455487728118896484e-01
5.151178836822509766e-01
6.605763435363769531e-01
2.181561589241027832e-01
3.665967583656311035e-01
2.204841375350952148e-01
6.303113698959350586e-01
4.801904410123825073e-02
1.124406009912490845e-01
1.613588035106658936e-01
2.102920264005661011e-01
6.956255435943603516e-01
5.703415870666503906e-01
5.173932909965515137e-01
3.277094662189483643e-01
7.011436820030212402e-01
3.127410262823104858e-02
3.847906589508056641e-01
6.629734039306640625e-01
3.804441392421722412e-01
4.122746884822845459e-01
3.053790926933288574e-01
3.749590516090393066e-01
4.908733535557985306e-03
1.365661323070526123e-01
1.792310737073421478e-02
1.089761257171630859e-01
4.569098353385925293e-01
4.602581858634948730e-01
4.253239035606384277e-01
8.391546010971069336e-01
4.384656995534896851e-02
1.334612071514129639e-01
3.579756617546081543e-01
1.490015238523483276e-01
1.174620911478996277e-01
5.589077472686767578e-01
7.660106420516967773e-01
3.322433307766914368e-02
3.533521294593811035e-01
1.745947003364562988e-01
2.687304019927978516e-01
6.176099926233291626e-02
3.652339875698089600e-01
3.259222581982612610e-02
1.539772748947143555e-01
5.309308767318725586e-01
3.310592174530029297e-01
4.479749500751495361e-02
3.391710296273231506e-02
3.879080712795257568e-01
1.185787767171859741e-01
6.776509433984756470e-02
2.557076215744018555e-01
4.204514920711517334e-01
1.498215738683938980e-02
4.512420296669006348e-01
1.250015571713447571e-02
1.526405289769172668e-02
7.284863591194152832e-01
7.107762098312377930e-01
8.758265525102615356e-03
1.276236772537231445e-02
6.886081397533416748e-02
8.424544706940650940e-03
2.367824316024780273e-02
5.628623366355895996e-01
4.354299902915954590e-01
2.499862760305404663e-02
5.768017768859863281e-01
3.740253150463104248e-01
3.007888793945312500e-01
2.129263579845428467e-01
6.884067505598068237e-02
6.732788085937500000e-01
2.382762134075164795e-01
3.025506734848022461e-01
1.320915222167968750e-01
3.868064284324645996e-01
2.028228342533111572e-01
2.675528526306152344e-01
3.950928449630737305e-01
2.018195241689682007e-01
3.521963655948638916e-01
4.240048527717590332e-01
2.668878138065338135e-01
1.146364063024520874e-01
6.606992334127426147e-02
6.554162502288818359e-02
6.613109260797500610e-02
1.777947181835770607e-05
2.715449056722718524e-07
6.062707901000976562e-01
6.355526447296142578e-01
7.516230642795562744e-02
1.732553937472403049e-05
5.731794517487287521e-04
2.972078509628772736e-02
4.404055885970592499e-03
2.661767939571291208e-04
8.823908865451812744e-03
3.252217471599578857e-01
5.980803763350195368e-08
4.590525031089782715e-01
2.689558863639831543e-01
9.491222351789474487e-02
1.460023035804169922e-08
2.891832496970891953e-03
2.970664501190185547e-01
4.776034355163574219e-01
5.221405997872352600e-02
4.046612977981567383e-01
3.192047774791717529e-01
4.236628413200378418e-01
3.979183733463287354e-01
3.788590431213378906e-01
2.598454952239990234e-01
2.601975798606872559e-01
3.872922388836741447e-04
5.223205778747797012e-03
1.328126341104507446e-01
4.093040712177753448e-03
3.280485570430755615e-01
2.059926241636276245e-01
3.617025504354387522e-04
1.007639337331056595e-03
7.387283444404602051e-02
6.439988613128662109e-01
7.646099198609590530e-03
1.375014334917068481e-02
4.183357954025268555e-01
5.640222504734992981e-02
4.400230944156646729e-02
1.253908127546310425e-02
1.534742563962936401e-01
3.170894086360931396e-02
5.017130635678768158e-03
1.197109073400497437e-01
4.075407385826110840e-01
4.186838865280151367e-01
1.383329182863235474e-01
1.283201575279235840e-01
5.049149505794048309e-03
1.158433705568313599e-01
4.519907236099243164e-01
4.668215289711952209e-02
1.896995157003402710e-01
2.517183125019073486e-01
7.348518818616867065e-02
9.946553409099578857e-02
4.434731602668762207e-02
1.231226474046707153e-01
2.517567873001098633e-01
6.186549663543701172e-01
4.722924530506134033e-02
7.518826425075531006e-02
2.589364945888519287e-01
2.359728962182998657e-01
8.793716877698898315e-02
7.704141139984130859e-01
5.235865712165832520e-01
6.702966690063476562e-01
5.651949644088745117e-01
7.979602813720703125e-01
5.808508396148681641e-01
1.105458941310644150e-02
3.986619710922241211e-01
5.071530938148498535e-01
6.186122894287109375e-01
6.187720298767089844e-01
2.051707357168197632e-01
6.304696798324584961e-01
2.059239298105239868e-01
3.325027823448181152e-01
2.295731604099273682e-01
9.248302131891250610e-02
1.223612502217292786e-01
7.663239240646362305e-01
2.803415656089782715e-01
4.782427549362182617e-01
3.520817160606384277e-01
2.877444326877593994e-01
1.878140121698379517e-02
2.298136353492736816e-01
1.525703072547912598e-02
3.518988490104675293e-01
4.530277848243713379e-01
5.397393703460693359e-01
1.740895956754684448e-01
7.477461099624633789e-01
8.459025062620639801e-03
6.428389251232147217e-02
2.861987054347991943e-01
9.666666388511657715e-02
2.540696263313293457e-01
7.736836671829223633e-01
3.516059219837188721e-01
8.071881532669067383e-01
5.240923166275024414e-02
2.800204418599605560e-02
1.810482144355773926e-01
7.012090831995010376e-02
5.114635229110717773e-01
6.066798567771911621e-01
2.495986819267272949e-01
6.874749660491943359e-01
4.849836230278015137e-01
5.131931304931640625e-01
4.436226189136505127e-01
3.256978392601013184e-01
4.783629626035690308e-02
3.414122462272644043e-01
1.707535535097122192e-01
2.082064151763916016e-01
3.093304634094238281e-01
1.649483442306518555e-01
3.357885479927062988e-01
1.404072642326354980e-01
1.496980637311935425e-01
3.237870931625366211e-01
2.606634497642517090e-01
3.696023225784301758e-01
6.856737658381462097e-03
1.145791187882423401e-01
2.789615988731384277e-01
1.641991883516311646e-01
2.331115901470184326e-01
2.207205444574356079e-01
2.675255537033081055e-01
4.692455530166625977e-01
1.960349231958389282e-01
1.593974679708480835e-01
7.117447853088378906e-01
3.849079906940460205e-01
6.162357330322265625e-02
1.412460207939147949e-01
5.362159013748168945e-01
4.150603413581848145e-01
5.164950340986251831e-02
7.806191444396972656e-01
1.234922036528587341e-01
7.572431564331054688e-01
3.590381741523742676e-01
6.990608572959899902e-01
7.746243476867675781e-01
3.467245995998382568e-01
4.296717047691345215e-01
6.729841232299804688e-01
8.923348188400268555e-01
1.640918292105197906e-02
4.344142228364944458e-02
9.310623630881309509e-03
2.669445872306823730e-01
2.608807086944580078e-01
1.175025328993797302e-01
1.667216420173645020e-01
2.208633534610271454e-02
3.329761326313018799e-02
2.274893224239349365e-01
1.279684901237487793e-01
3.893029391765594482e-01
1.926901005208492279e-02
1.310275942087173462e-01
2.434411197900772095e-01
3.969292156398296356e-03
8.790711872279644012e-03
1.871453523635864258e-01
3.902776911854743958e-02
6.432794332504272461e-01
5.516670942306518555e-01
5.194188356399536133e-01
5.374398231506347656e-01
4.816485643386840820e-01
2.782807350158691406e-01
1.297840327024459839e-01
5.332386493682861328e-02
2.632502317428588867e-01
2.612317502498626709e-01
3.229342699050903320e-01
2.956565022468566895e-01
4.084824919700622559e-01
1.961669027805328369e-01
4.646601676940917969e-01
3.316738903522491455e-01
3.870771527290344238e-01
3.252618908882141113e-01
5.945429205894470215e-01
5.213806033134460449e-01
4.790827631950378418e-01
4.213277716189622879e-03
9.039179980754852295e-02
2.558959275484085083e-02
8.530949801206588745e-02
6.176665797829627991e-02
1.067109033465385437e-02
3.088203072547912598e-02
7.877933382987976074e-01
7.095503062009811401e-02
3.607920184731483459e-02
2.661098353564739227e-02
4.115025699138641357e-02
1.559502631425857544e-02
1.337754726409912109e-02
9.354392439126968384e-02
2.046995237469673157e-02
2.457144728396087885e-04
3.628100827336311340e-02
5.099540110677480698e-03
8.394266478717327118e-03
3.127241134643554688e-01
1.777775585651397705e-01
3.143972754478454590e-01
3.769242167472839355e-01
3.667130470275878906e-01
6.739638745784759521e-03
2.319011986255645752e-01
6.007716655731201172e-01
6.174837350845336914e-01
2.753778398036956787e-01
1.193735748529434204e-01
3.426894843578338623e-01
2.197899073362350464e-01
2.243382185697555542e-01
3.122379481792449951e-01
2.605083584785461426e-01
3.045006990432739258e-01
5.014942288398742676e-01
3.076783716678619385e-01
2.447243630886077881e-01
8.771497756242752075e-02
4.608563184738159180e-01
3.215552866458892822e-01
4.565025866031646729e-01
2.115426361560821533e-01
3.645277619361877441e-01
1.624683439731597900e-01
1.377637088298797607e-01
2.766431272029876709e-01
3.115845918655395508e-01
2.145067751407623291e-01
7.011756300926208496e-01
1.513824462890625000e-01
1.037226021289825439e-01
3.700934946537017822e-01
3.982442021369934082e-01
9.176607429981231689e-02
5.605202317237854004e-01
1.565900295972824097e-01
5.087367296218872070e-01
4.748840332031250000e-01
6.708790063858032227e-01
3.454736471176147461e-01
3.794778585433959961e-01
3.328065276145935059e-01
4.946886301040649414e-01
5.115243196487426758e-01
5.879909396171569824e-01
3.887173235416412354e-01
3.415750265121459961e-01
4.119913578033447266e-01
4.564919173717498779e-01
5.116680264472961426e-01
2.032531499862670898e-01
3.901028633117675781e-01
5.570181608200073242e-01
4.752474427223205566e-01
4.233270883560180664e-01
5.339593291282653809e-01
3.292087018489837646e-01
2.775608301162719727e-01
1.779731810092926025e-01
3.900433778762817383e-01
3.450181484222412109e-01
4.233058691024780273e-01
5.094530582427978516e-01
2.881048023700714111e-01
9.563300758600234985e-03
8.271297067403793335e-02
2.000548243522644043e-01
3.865043818950653076e-01
6.492928415536880493e-02
1.503009796142578125e-01
1.857229322195053101e-01
4.709550142288208008e-01
6.641906499862670898e-02
2.323434874415397644e-02
1.311632543802261353e-01
9.653358161449432373e-02
2.863404750823974609e-01
2.200834751129150391e-01
4.010592997074127197e-01
2.550967410206794739e-02
6.262335777282714844e-01
3.841035068035125732e-02
5.058509707450866699e-01
2.613252401351928711e-01
9.931510686874389648e-02
6.498917937278747559e-02
1.129730790853500366e-02
3.361166119575500488e-01
2.939852476119995117e-01
6.871021538972854614e-02
1.942707151174545288e-01
3.415245413780212402e-01
4.447557926177978516e-01
3.440662622451782227e-01
1.777768880128860474e-01
2.150821089744567871e-01
1.252928189933300018e-02
3.332740068435668945e-01
1.673662215471267700e-01
2.800926864147186279e-01
3.975454717874526978e-02
3.599331974983215332e-01
4.865229725837707520e-01
5.445764064788818359e-01
4.316904246807098389e-01
6.281854957342147827e-02
1.582977175712585449e-01
3.558380007743835449e-01
6.937609612941741943e-02
4.734572395682334900e-02
1.055738851428031921e-01
6.996684074401855469e-01
7.352181524038314819e-02
5.879002157598733902e-03
3.773495554924011230e-01
2.478463947772979736e-01
2.830887436866760254e-01
5.437112450599670410e-01
4.132591560482978821e-02
3.316527605056762695e-01
8.780345320701599121e-02
4.011552035808563232e-01
3.173954784870147705e-01
2.913056612014770508e-01
5.919642448425292969e-01
4.720371365547180176e-01
3.303889632225036621e-01
3.215011358261108398e-01
6.051143407821655273e-01
2.417636811733245850e-01
3.235688805580139160e-01
7.309685945510864258e-01
4.290189445018768311e-01
1.226188912987709045e-01
8.275312185287475586e-01
5.082548856735229492e-01
7.585710287094116211e-01
5.272331237792968750e-01
4.924602508544921875e-01
7.235094308853149414e-01
7.525213956832885742e-01
3.440223038196563721e-01
4.590626955032348633e-01
5.382449030876159668e-01
9.484972357749938965e-01
4.551226794719696045e-01
5.812692642211914062e-01
4.519225955009460449e-01
6.263828873634338379e-01
4.527009129524230957e-01
5.673434734344482422e-01
5.884408354759216309e-01
3.737294077873229980e-01
6.706485748291015625e-01
4.447589516639709473e-01
8.757586479187011719e-01
5.364043712615966797e-01
1.807249933481216431e-01
1.522549688816070557e-01
4.920554161071777344e-01
3.304321467876434326e-01
1.623426973819732666e-01
3.455121517181396484e-01
5.918510630726814270e-02
3.348612785339355469e-01
2.817887067794799805e-01
5.400747060775756836e-01
3.902481794357299805e-01
5.806978940963745117e-01
4.533835947513580322e-01
6.237438917160034180e-01
3.320090472698211670e-01
3.999686241149902344e-01
2.784501910209655762e-01
3.313943445682525635e-01
5.179291367530822754e-01
1.843272894620895386e-01
8.867520093917846680e-02
5.801889896392822266e-01
5.021738409996032715e-01
1.666969656944274902e-01
5.011764764785766602e-01
2.126265764236450195e-01
6.457987241446971893e-03
2.284941971302032471e-01
3.941366374492645264e-01
2.362537980079650879e-01
5.676343441009521484e-01
4.693947434425354004e-01
4.604230523109436035e-01
5.202751159667968750e-01
3.903168737888336182e-01
5.404756665229797363e-01
4.825969338417053223e-01
1.692037135362625122e-01
3.358542919158935547e-01
1.488596796989440918e-01
1.127317398786544800e-01
9.987936913967132568e-02
1.910075917840003967e-02
2.535610795021057129e-01
2.995880246162414551e-01
3.213958740234375000e-01
1.151807457208633423e-01
4.607397317886352539e-01
1.418310701847076416e-01
1.321277171373367310e-01
1.503776013851165771e-01
9.687485545873641968e-02
1.538514643907546997e-01
4.331173002719879150e-01
8.651990294456481934e-01
1.744436323642730713e-01
2.128711193799972534e-01
7.376239895820617676e-01
1.431557089090347290e-01
3.001523390412330627e-02
5.884745121002197266e-01
3.443255126476287842e-01
2.691884040832519531e-01
6.683000922203063965e-01
2.066358774900436401e-01
2.845884561538696289e-01
4.906624853610992432e-01
4.543963670730590820e-01
4.981775879859924316e-01
4.557334482669830322e-01
3.719370067119598389e-01
5.031354427337646484e-01
5.751777887344360352e-01
4.921825528144836426e-01
7.002847790718078613e-01
4.886324405670166016e-01
6.451902389526367188e-01
7.454564571380615234e-01
2.216353565454483032e-01
7.782124280929565430e-01
3.784117288887500763e-03
1.999659434659406543e-05
4.054688811302185059e-01
3.677089810371398926e-01
1.344095822423696518e-02
1.741853058338165283e-01
5.491939955390989780e-04
3.365559279918670654e-01
1.622724384069442749e-01
1.541445553302764893e-01
2.589248586446046829e-03
5.624248385429382324e-01
5.489911437034606934e-01
2.005392909049987793e-01
7.677170448005199432e-03
3.859378099441528320e-01
1.030338630080223083e-01
5.053875222802162170e-02
3.366675600409507751e-02
4.554249048233032227e-01
6.753021478652954102e-01
4.355869889259338379e-01
4.078040421009063721e-01
1.693235635757446289e-01
6.726928949356079102e-01
1.308106351643800735e-02
2.857598662376403809e-01
8.615357279777526855e-01
1.320438683032989502e-01
5.502641201019287109e-01
3.785199522972106934e-01
3.806029558181762695e-01
5.315070152282714844e-01
2.486312687397003174e-01
4.321954250335693359e-01
5.538766384124755859e-01
2.303614318370819092e-01
2.802064120769500732e-01
3.557018339633941650e-01
3.743515610694885254e-01
9.536689147353172302e-03
3.131797313690185547e-01
5.220081806182861328e-01
2.818261831998825073e-02
1.821388900279998779e-01
2.734126746654510498e-01
2.395523190498352051e-01
3.669081330299377441e-01
4.663381874561309814e-01
3.504227101802825928e-01
4.572951793670654297e-01
8.242039382457733154e-02
1.175155490636825562e-01
5.410716868937015533e-03
3.326457440853118896e-01
1.817404851317405701e-02
4.922543764114379883e-01
4.668902754783630371e-01
3.017910718917846680e-01
3.480663895606994629e-01
5.812228918075561523e-01
5.185106396675109863e-01
7.774074077606201172e-01
2.044588029384613037e-01
3.755643367767333984e-01
1.482681781053543091e-01
5.823833346366882324e-01
1.925023645162582397e-01
2.095637172460556030e-01
3.741645216941833496e-01
6.783916950225830078e-01
2.174646258354187012e-01
4.830883145332336426e-01
4.433695077896118164e-01
7.102332115173339844e-01
2.880378961563110352e-01
1.974137425422668457e-01
2.131327390670776367e-01
2.988699674606323242e-01
1.293285340070724487e-01
4.747434258460998535e-01
3.948881030082702637e-01
5.227684974670410156e-01
6.040866374969482422e-01
1.244610473513603210e-01
5.099260210990905762e-01
9.846805036067962646e-02
3.197633922100067139e-01
3.149214982986450195e-01
4.660424590110778809e-01
4.972878843545913696e-02
1.936577707529067993e-01
2.280824780464172363e-01
1.442504525184631348e-01
3.306347727775573730e-01
2.992954850196838379e-01
2.027976661920547485e-01
3.273563981056213379e-01
5.267837047576904297e-01
8.553713560104370117e-02
3.110031783580780029e-01
1.192833036184310913e-01
3.308455646038055420e-02
5.224229693412780762e-01
2.234281450510025024e-01
2.194952219724655151e-01
2.657012939453125000e-01
8.391138911247253418e-02
1.275724768638610840e-01
3.989128470420837402e-01
1.440008133649826050e-01
4.518148303031921387e-02
1.646059099584817886e-03
1.486395895481109619e-01
1.014393195509910583e-01
1.627067774534225464e-01
5.105056986212730408e-02
8.944453671574592590e-03
5.589241981506347656e-01
3.409449011087417603e-02
5.375843867659568787e-02
3.982463479042053223e-01
1.486251652240753174e-01
1.129750311374664307e-01
1.705778092145919800e-01
2.366124689579010010e-01
2.148333638906478882e-01
2.457885146141052246e-01
1.620534211397171021e-01
1.711580529808998108e-02
3.296930789947509766e-01
1.938983052968978882e-01
4.475660249590873718e-02
3.637224435806274414e-01
4.474369287490844727e-01
3.906483650207519531e-01
3.635834157466888428e-01
3.068422153592109680e-02
2.876027524471282959e-01
6.965981721878051758e-01
5.336415171623229980e-01
3.520557284355163574e-01
3.753671348094940186e-01
2.538305819034576416e-01
1.361910104751586914e-01
8.203650712966918945e-01
6.918970346450805664e-01
5.716970562934875488e-01
8.038043975830078125e-01
5.699706673622131348e-01
9.473855495452880859e-01
7.356492877006530762e-01
9.918650388717651367e-01
4.879925847053527832e-01
4.862525165081024170e-01
5.615482330322265625e-01
2.918752133846282959e-01
6.558898687362670898e-01
5.178649425506591797e-01
9.803009033203125000e-02
2.506906986236572266e-01
4.050203859806060791e-01
1.569018363952636719e-01
6.639982461929321289e-01
2.966837286949157715e-01
1.545824557542800903e-01
3.993713855743408203e-01
4.749402105808258057e-01
1.312315165996551514e-01
8.185040354728698730e-01
9.572194516658782959e-02
5.150847434997558594e-01
5.607854127883911133e-01
1.566432714462280273e-01
2.933399975299835205e-01
4.522411227226257324e-01
1.328434050083160400e-01
2.420177310705184937e-01
3.992440104484558105e-01
4.962248206138610840e-01
4.039415121078491211e-01
1.742441356182098389e-01
5.480488538742065430e-01
5.382738113403320312e-01
5.993556976318359375e-01
1.542637795209884644e-01
1.397014558315277100e-01
6.680485010147094727e-01
2.222192585468292236e-01
3.080681562423706055e-01
5.807522684335708618e-02
5.539042353630065918e-01
1.593418419361114502e-01
5.027906894683837891e-01
3.585561513900756836e-01
4.727813005447387695e-01
2.233707308769226074e-01
4.423679709434509277e-01
3.737866282463073730e-01
1.716513335704803467e-01
1.498925089836120605e-01
7.548981904983520508e-01
3.330227434635162354e-01
3.775880336761474609e-01
1.927189528942108154e-01
1.589922755956649780e-01
2.759716808795928955e-01
2.289106249809265137e-01
4.324114322662353516e-01
3.112146556377410889e-01
5.738651752471923828e-01
2.430380880832672119e-01
4.528990760445594788e-02
3.049252033233642578e-01
9.289095997810363770e-01
3.624653816223144531e-01
5.477954149246215820e-01
1.500570774078369141e-01
6.177665591239929199e-01
4.598634541034698486e-01
3.811054825782775879e-01
1.126464903354644775e-01
7.891240119934082031e-01
5.303503274917602539e-01
9.522607177495956421e-02
5.628423765301704407e-02
1.567591875791549683e-01
5.809707194566726685e-02
3.833644092082977295e-01
5.411122441291809082e-01
2.236688137054443359e-01
1.720227003097534180e-01
1.913023293018341064e-01
1.835305690765380859e-01
3.803678154945373535e-01
7.751747369766235352e-01
2.612557113170623779e-01
6.677850484848022461e-01
4.543963372707366943e-01
3.061958253383636475e-01
8.811152726411819458e-02
1.492225527763366699e-01
8.442282676696777344e-02
5.881433933973312378e-02
5.821309238672256470e-02
3.921993672847747803e-01
1.362730413675308228e-01
2.123137414455413818e-01
2.886772155761718750e-01
1.139152646064758301e-01
5.404274910688400269e-02
2.397918552160263062e-01
1.171404719352722168e-01
1.132857277989387512e-01
9.294687211513519287e-02
4.713132977485656738e-01
1.709508523344993591e-02
5.478779077529907227e-01
8.491250872611999512e-02
3.235349804162979126e-02
1.353945001028478146e-03
9.130083024501800537e-02
1.373819541186094284e-02
1.641874015331268311e-01
1.878881128504872322e-03
2.896442823112010956e-02
2.928861230611801147e-02
5.416032299399375916e-02
1.037565693259239197e-01
2.170928418636322021e-01
1.870548427104949951e-01
1.738759428262710571e-01
3.920659422874450684e-03
6.090710684657096863e-02
5.376822352409362793e-01
1.041896175593137741e-03
4.243392497301101685e-02
2.323411591351032257e-02
3.339739516377449036e-03
6.383503787219524384e-03
5.720145702362060547e-01
3.339711129665374756e-01
4.776262044906616211e-01
3.876596987247467041e-01
6.675032377243041992e-01
3.725489377975463867e-01
7.848719358444213867e-01
5.615705251693725586e-01
7.615185976028442383e-01
4.901990890502929688e-01
4.456987380981445312e-01
4.053012728691101074e-01
5.388946533203125000e-01
8.974323272705078125e-01
4.838407933712005615e-01
6.834100484848022461e-01
4.167073667049407959e-01
3.662514686584472656e-01
8.252178430557250977e-01
6.752958893775939941e-02
2.439587377011775970e-02
2.917000353336334229e-01
2.389723062515258789e-01
1.149896606802940369e-01
4.151350259780883789e-02
1.159679330885410309e-02
2.941062748432159424e-01
3.539652526378631592e-01
4.215681552886962891e-02
7.205302268266677856e-02
1.170311216264963150e-02
9.335657581686973572e-03
1.260885298252105713e-01
3.708056211471557617e-01
3.523862957954406738e-01
1.740912720561027527e-02
8.028086274862289429e-02
3.659022748470306396e-01
5.434315651655197144e-03
3.002859950065612793e-01
3.229099214076995850e-01
5.234913825988769531e-01
4.798545688390731812e-02
1.486551314592361450e-01
1.534741520881652832e-01
2.561568021774291992e-01
3.767529428005218506e-01
5.098547935485839844e-01
2.359870374202728271e-01
7.866401970386505127e-02
9.939805269241333008e-01
1.192797422409057617e-01
3.000134825706481934e-01
3.445050716400146484e-01
3.307369351387023926e-01
5.185224860906600952e-02
2.765237689018249512e-01
8.797190338373184204e-02
4.272629022598266602e-01
4.779081940650939941e-01
2.932499349117279053e-01
1.739916764199733734e-02
4.377341270446777344e-02
7.748829126358032227e-01
3.124622404575347900e-01
1.821712851524353027e-01
1.847926229238510132e-01
4.568715095520019531e-01
2.339458651840686798e-02
4.141973257064819336e-01
1.841783821582794189e-01
2.063627243041992188e-01
4.792917370796203613e-01
1.296485960483551025e-01
3.555684983730316162e-01
4.231533035635948181e-03
5.454266071319580078e-01
3.778995871543884277e-01
8.673901855945587158e-02
3.435798287391662598e-01
3.419141471385955811e-02
8.935368061065673828e-01
4.150762557983398438e-01
4.297120273113250732e-01
5.302152037620544434e-01
7.301513850688934326e-02
1.703428663313388824e-02
1.699549555778503418e-01
3.229499561712145805e-04
2.303044945001602173e-01
1.474396884441375732e-01
5.909432470798492432e-02
3.923606127500534058e-02
1.848212927579879761e-01
4.379110038280487061e-02
4.134601056575775146e-01
3.957741260528564453e-01
1.159855574369430542e-01
6.552560329437255859e-01
3.368458151817321777e-01
7.897995710372924805e-01
3.899297714233398438e-01
8.403067588806152344e-01
3.572629094123840332e-01
8.366300463676452637e-01
1.973412036895751953e-01
7.249166965484619141e-01
7.464537620544433594e-01
1.506222337484359741e-01
5.944633483886718750e-01
2.534857094287872314e-01
8.144901990890502930e-01
8.508332073688507080e-03
4.611060619354248047e-01
9.286508560180664062e-01
5.967583060264587402e-01
7.878545522689819336e-01
6.607439517974853516e-01
6.662048399448394775e-02
5.331236124038696289e-01
4.525659978389739990e-01
3.530384898185729980e-01
5.970377922058105469e-01
1.523033529520034790e-01
4.456944465637207031e-01
3.002758026123046875e-01
6.863994598388671875e-01
5.610494613647460938e-01
2.935729324817657471e-01
3.673195242881774902e-01
6.668257117271423340e-01
4.922036528587341309e-01
5.244295597076416016e-01
7.148331403732299805e-01
3.080066144466400146e-01
4.283898770809173584e-01
3.032867312431335449e-01
2.843691706657409668e-01
8.473578691482543945e-01
3.952417373657226562e-01
9.938188828527927399e-03
2.957219490781426430e-03
2.788356691598892212e-02
5.186980962753295898e-01
7.287296932190656662e-03
3.120398819446563721e-01
1.824944168329238892e-01
7.177431881427764893e-02
1.074496358633041382e-01
3.279879922047257423e-03
1.501228064298629761e-01
8.400879800319671631e-02
1.608619582839310169e-03
2.726953327655792236e-01
1.982790976762771606e-02
3.231118917465209961e-01
8.918987587094306946e-03
8.354596211574971676e-04
4.221192747354507446e-02
2.473954856395721436e-01
1.209838613867759705e-01
5.520291924476623535e-01
4.248025268316268921e-02
2.770782709121704102e-01
6.966036558151245117e-02
5.393032431602478027e-01
1.136545166373252869e-01
3.175455033779144287e-01
1.633172631263732910e-01
3.042641282081604004e-01
9.047900438308715820e-01
5.655308961868286133e-01
2.131680399179458618e-01
3.340134620666503906e-01
4.930555075407028198e-02
5.579902529716491699e-01
6.291186213493347168e-01
1.447718888521194458e-01
3.354865908622741699e-01
3.959151506423950195e-01
4.327867031097412109e-01
2.787540555000305176e-01
2.092937380075454712e-01
2.280562520027160645e-01
2.014508247375488281e-01
1.666788309812545776e-01
9.620000422000885010e-02
5.197184085845947266e-01
4.787077903747558594e-01
4.837696999311447144e-02
1.766092181205749512e-01
3.301587700843811035e-02
1.970635056495666504e-01
2.288049459457397461e-01
7.205114513635635376e-02
5.928256735205650330e-02
8.831250667572021484e-02
6.880196183919906616e-02
1.987929791212081909e-01
4.744529426097869873e-01
3.322108089923858643e-01
2.599207162857055664e-01
3.143899738788604736e-01
5.304223299026489258e-01
7.757399082183837891e-01
6.353519558906555176e-01
6.827976703643798828e-01
2.628037929534912109e-01
8.651357889175415039e-01
4.400137960910797119e-01
6.140846610069274902e-01
4.597949981689453125e-01
7.380818128585815430e-01
4.327869415283203125e-01
6.754099726676940918e-01
7.587504386901855469e-01
3.003240823745727539e-01
7.325379252433776855e-01
4.755118489265441895e-01
4.080393314361572266e-01
3.138239383697509766e-01
5.882446765899658203e-01
4.146412312984466553e-01
4.617373645305633545e-01
6.520620584487915039e-01
8.877189159393310547e-01
1.040712371468544006e-02
3.008650839328765869e-01
2.674795389175415039e-01
2.515469305217266083e-02
1.581287831068038940e-01
1.989834308624267578e-01
8.122545480728149414e-02
2.930023074150085449e-01
1.749141216278076172e-01
1.949890404939651489e-01
2.872503697872161865e-01
8.328794240951538086e-01
8.750618144404143095e-05
3.169488012790679932e-01
1.743147224187850952e-01
2.780325412750244141e-01
5.496532320976257324e-01
5.342646837234497070e-01
4.105516672134399414e-01
5.786243677139282227e-01
2.920462936162948608e-02
4.726720228791236877e-02
6.622511148452758789e-01
2.636011540889739990e-01
4.903243780136108398e-01
4.614365398883819580e-01
3.378245234489440918e-01
3.560193777084350586e-01
8.423902094364166260e-02
3.948186635971069336e-01
1.922678649425506592e-01
5.270158052444458008e-01
4.567147195339202881e-01
1.006563156843185425e-01
1.518773883581161499e-01
1.053178757429122925e-01
2.804170846939086914e-01
2.470503896474838257e-01
1.004884541034698486e-01
3.067141175270080566e-01
6.713025569915771484e-01
6.585192680358886719e-01
1.432505995035171509e-01
3.860912919044494629e-01
6.120629310607910156e-01
3.507194519042968750e-01
4.041216075420379639e-01
5.431083440780639648e-01
5.886633396148681641e-01
4.427121877670288086e-01
3.238869309425354004e-01
3.747810423374176025e-01
1.496227681636810303e-01
3.255220353603363037e-01
1.717968881130218506e-01
2.521871030330657959e-01
2.610205411911010742e-01
6.291078031063079834e-02
8.879511058330535889e-02
2.624480519443750381e-03
3.328092694282531738e-01
1.263607386499643326e-02
1.006408110260963440e-01
1.267327554523944855e-02
3.635158017277717590e-02
4.924421757459640503e-02
2.635698020458221436e-02
6.731675565242767334e-02
1.913530826568603516e-01
1.162902638316154480e-01
4.746973514556884766e-01
4.775226712226867676e-01
6.291797757148742676e-01
2.831527292728424072e-01
7.633781433105468750e-01
4.698281288146972656e-01
9.082451462745666504e-01
2.388545274734497070e-01
4.908180832862854004e-01
1.326423883438110352e-01
2.179078757762908936e-01
3.136210739612579346e-01
4.895969033241271973e-01
2.287349253892898560e-01
3.864403665065765381e-01
6.021609902381896973e-01
5.547227263450622559e-01
3.489827513694763184e-01
4.531493186950683594e-01
3.475159406661987305e-01
6.102263554930686951e-02
2.209063470363616943e-01
4.759215712547302246e-01
4.704218208789825439e-01
6.762616634368896484e-01
9.972475469112396240e-02
2.358486801385879517e-01
1.785591128282248974e-03
4.547182470560073853e-02
2.297027856111526489e-01
3.954239189624786377e-01
9.836733341217041016e-02
5.360408872365951538e-02
8.936426043510437012e-02
6.280981749296188354e-02
2.098869346082210541e-02
1.327538955956697464e-02
5.015949159860610962e-02
1.033225432038307190e-01
8.018122985959053040e-03
3.199647068977355957e-01
8.384246230125427246e-01
4.174484685063362122e-02
2.329868227243423462e-01
5.252050161361694336e-01
1.392543315887451172e-02
1.386313736438751221e-01
1.447509676218032837e-01
8.881467580795288086e-02
2.960487902164459229e-01
5.187308192253112793e-01
9.381378889083862305e-01
2.846379019320011139e-02
2.022859752178192139e-01
1.039443314075469971e-01
5.582805275917053223e-01
2.732363641262054443e-01
2.440980076789855957e-01
4.974294602870941162e-01
3.417879045009613037e-01
4.264466166496276855e-01
2.126763463020324707e-01
2.526224255561828613e-01
1.155718415975570679e-01
1.679874658584594727e-01
1.980295926332473755e-01
5.491420030593872070e-01
8.359156548976898193e-02
1.739094257354736328e-01
2.099380642175674438e-01
2.605544924736022949e-01
8.035459555685520172e-03
1.856677532196044922e-01
3.308565616607666016e-01
5.379655361175537109e-01
7.373062521219253540e-02
3.455739319324493408e-01
3.242955803871154785e-01
2.906416356563568115e-01
1.450369656085968018e-01
1.875939518213272095e-01
9.510620683431625366e-02
1.627210825681686401e-01
4.051796793937683105e-01
6.856136769056320190e-02
4.291348523111082613e-05
6.397514045238494873e-02
1.690157456323504448e-03
2.088299952447414398e-04
8.081213235855102539e-01
6.267172843217849731e-02
4.261656198650598526e-03
2.139204181730747223e-02
1.780562102794647217e-01
9.625238180160522461e-02
4.736118717119097710e-04
7.699572597630321980e-05
2.808986231684684753e-02
1.442658007144927979e-01
1.117924600839614868e-01
1.012910902500152588e-01
3.969160374253988266e-03
9.066560864448547363e-02
1.324247103184461594e-02
2.527945041656494141e-01
4.890306890010833740e-01
8.030110001564025879e-01
6.409310102462768555e-01
5.165116190910339355e-01
6.427467465400695801e-01
5.897363424301147461e-01
5.283241271972656250e-01
6.375650763511657715e-01
4.624643921852111816e-01
2.744480073451995850e-01
6.865510940551757812e-01
4.575312733650207520e-01
5.301138162612915039e-01
3.240939378738403320e-01
7.966054230928421021e-02
7.182241231203079224e-02
6.154118776321411133e-01
3.771895170211791992e-01
2.270677685737609863e-01
4.605914354324340820e-01
2.333760410547256470e-01
2.286317348480224609e-01
4.065728187561035156e-01
1.077720820903778076e-01
3.413620591163635254e-01
2.323932647705078125e-01
2.293060719966888428e-01
5.878843367099761963e-02
7.490433454513549805e-01
1.675423681735992432e-01
1.911551952362060547e-01
5.312862396240234375e-01
1.333200633525848389e-01
1.664353907108306885e-01
6.534672528505325317e-02
1.762507110834121704e-01
1.380441635847091675e-01
2.654778659343719482e-01
1.633456498384475708e-01
4.280086755752563477e-01
4.765509366989135742e-01
4.626383781433105469e-01
4.012281447649002075e-02
3.277707695960998535e-01
2.278846055269241333e-01
4.673755541443824768e-02
2.564627304673194885e-02
3.499768301844596863e-02
3.105620145797729492e-01
1.331549584865570068e-01
1.214108839631080627e-01
1.432217657566070557e-01
2.197291254997253418e-01
8.456198871135711670e-02
3.202341794967651367e-01
3.347620368003845215e-01
2.465927600860595703e-01
1.941496282815933228e-01
1.067852377891540527e-01
7.529231905937194824e-02
8.765972405672073364e-02
1.075532436370849609e-01
3.439681977033615112e-02
2.045586854219436646e-01
1.042453795671463013e-01
1.659439206123352051e-01
8.329967409372329712e-02
2.062107436358928680e-02
2.877084016799926758e-01
6.394786834716796875e-01
5.015879869461059570e-02
3.813578560948371887e-02
3.493771851062774658e-01
4.753369688987731934e-01
5.111062526702880859e-01
5.452574491500854492e-01
2.959061861038208008e-01
1.766036599874496460e-01
6.385965943336486816e-01
4.731733202934265137e-01
1.727806627750396729e-01
1.019495874643325806e-01
4.256613850593566895e-01
5.062220096588134766e-01
4.375982284545898438e-01
2.129628062248229980e-01
3.408028185367584229e-02
2.192830294370651245e-01
4.200639426708221436e-01
3.344017863273620605e-01
1.937493085861206055e-01
1.331284940242767334e-01
3.919053077697753906e-01
5.837583541870117188e-01
2.671327628195285797e-02
3.863055706024169922e-01
4.082089066505432129e-01
2.092430889606475830e-01
1.277156174182891846e-01
3.731273412704467773e-01
3.645723685622215271e-02
2.383635938167572021e-01
1.697224080562591553e-01
1.431815773248672485e-01
3.141482770442962646e-01
3.673175275325775146e-01
7.135831117630004883e-01
1.932956129312515259e-01
6.421954929828643799e-02
1.817829757928848267e-01
3.517024219036102295e-01
2.777094841003417969e-01
5.900794267654418945e-01
1.301490366458892822e-01
7.840582728385925293e-01
4.561454057693481445e-01
3.994493484497070312e-01
2.895957231521606445e-01
1.872443705797195435e-01
3.986685276031494141e-01
4.293218553066253662e-01
6.601937860250473022e-02
6.032384186983108521e-02
4.882411360740661621e-01
2.238394618034362793e-01
1.153819635510444641e-01
6.037184596061706543e-02
6.916613876819610596e-02
3.131726980209350586e-01
3.270973637700080872e-02
5.796548128128051758e-01
3.482834622263908386e-02
4.324175883084535599e-03
1.404093205928802490e-01
3.277764320373535156e-01
5.453240871429443359e-01
1.497261226177215576e-01
9.412895143032073975e-02
2.782666087150573730e-01
9.122149646282196045e-02
4.343476146459579468e-02
2.460099607706069946e-01
3.152875900268554688e-01
2.869570851325988770e-01
5.338145494461059570e-01
2.362525165081024170e-01
5.274711251258850098e-01
2.177543938159942627e-01
6.267433166503906250e-01
1.447731256484985352e-01
4.231805503368377686e-01
5.736529454588890076e-02
5.525094270706176758e-01
6.402597296983003616e-03
8.813662827014923096e-02
3.427557945251464844e-01
5.737462043762207031e-01
8.763748407363891602e-02
2.929942216724157333e-03
1.525216549634933472e-02
3.652986884117126465e-02
1.767734289169311523e-01
3.404949232935905457e-02
4.434226546436548233e-03
4.541344642639160156e-01
1.368880718946456909e-01
2.430568635463714600e-01
5.249933004379272461e-01
1.335270404815673828e-01
1.628613620996475220e-01
2.050483040511608124e-02
7.518081665039062500e-01
3.184878826141357422e-01
1.598649024963378906e-01
7.535279989242553711e-01
1.334568262100219727e-01
4.726639389991760254e-01
2.204974144697189331e-01
6.878671795129776001e-02
8.592087030410766602e-02
8.036295175552368164e-01
3.955216109752655029e-01
3.126117885112762451e-01
1.654487550258636475e-01
8.469650894403457642e-02
9.080427139997482300e-02
3.839134573936462402e-01
2.011570632457733154e-01
8.459010720252990723e-01
3.899536728858947754e-01
2.966628670692443848e-01
9.189548492431640625e-01
1.713391207158565521e-02
9.742518663406372070e-01
5.072891116142272949e-01
3.031264245510101318e-01
4.228960722684860229e-03
3.129341602325439453e-01
2.713441550731658936e-01
2.724891901016235352e-01
7.434480190277099609e-01
6.303891539573669434e-01
2.845027446746826172e-01
8.535289764404296875e-02
2.654758989810943604e-01
2.674559354782104492e-01
2.117955982685089111e-01
3.269210457801818848e-01
9.454756379127502441e-01
1.971596032381057739e-01
1.674093157052993774e-01
4.758662581443786621e-01
8.035450428724288940e-02
7.143405675888061523e-01
3.660646677017211914e-01
2.474884316325187683e-02
2.462895214557647705e-01
3.282919824123382568e-01
5.887438058853149414e-01
5.924338698387145996e-01
9.777561426162719727e-01
7.818997502326965332e-01
9.033361673355102539e-01
5.515199899673461914e-01
6.455934643745422363e-01
9.800733923912048340e-01
6.687178611755371094e-01
9.320798516273498535e-01
9.697008132934570312e-01
5.672897696495056152e-01
2.731561064720153809e-01
6.939074993133544922e-01
2.541858553886413574e-01
6.456249952316284180e-01
7.713587284088134766e-01
6.332311034202575684e-01
7.729706764221191406e-01
2.123508751392364502e-01
4.843192100524902344e-01
9.921391308307647705e-02
5.839382410049438477e-01
9.588319063186645508e-01
5.024084448814392090e-01
6.351774930953979492e-01
8.192439377307891846e-02
8.350282907485961914e-01
4.167822003364562988e-01
6.622953414916992188e-01
5.877183750271797180e-03
2.186184972524642944e-01
5.393892526626586914e-01
5.848085507750511169e-03
2.762578660622239113e-03
5.075118541717529297e-01
2.824513912200927734e-01
3.037925958633422852e-01
1.102279748010914773e-05
6.648278236389160156e-01
4.047723412513732910e-01
8.341796398162841797e-01
8.858429193496704102e-01
6.710009574890136719e-01
6.465260386466979980e-01
4.061787724494934082e-01
5.950993299484252930e-01
4.985496699810028076e-01
9.500058293342590332e-01
5.019766688346862793e-01
4.463622868061065674e-01
4.022278785705566406e-01
2.232808768749237061e-01
6.580585837364196777e-01
6.798905134201049805e-01
5.487934350967407227e-01
5.221284627914428711e-01
7.253785133361816406e-01
1.176294088363647461e-01
2.830073237419128418e-01
6.312040090560913086e-01
4.927472472190856934e-01
5.721490383148193359e-01
7.404002547264099121e-01
3.843611478805541992e-01
2.823292016983032227e-01
9.855319261550903320e-01
8.177721500396728516e-01
8.749179840087890625e-01
9.842116236686706543e-01
6.685469150543212891e-01
7.423777580261230469e-01
9.068055152893066406e-01
5.168581604957580566e-01
8.879926204681396484e-01
8.592215776443481445e-01
4.416419267654418945e-01
2.491215169429779053e-01
9.600758552551269531e-01
7.145820856094360352e-01
4.762001037597656250e-01
9.926744103431701660e-01
7.983210086822509766e-01
5.150715112686157227e-01
9.770788550376892090e-01
9.856484532356262207e-01
9.149950742721557617e-01
9.889552593231201172e-01
7.968211174011230469e-01
5.232041478157043457e-01
8.757152557373046875e-01
9.860556721687316895e-01
9.427065849304199219e-01
6.979106664657592773e-01
9.458057284355163574e-01
8.786116838455200195e-01
9.829783439636230469e-01
9.789743423461914062e-01
9.520310163497924805e-01
7.516891956329345703e-01
9.415193796157836914e-01
5.909426808357238770e-01
7.893269062042236328e-01
4.480109810829162598e-01
3.720429837703704834e-01
4.324554502964019775e-01
2.196072190999984741e-01
5.309534668922424316e-01
9.874140024185180664e-01
4.548751711845397949e-01
4.812276363372802734e-01
7.386891841888427734e-01
4.957728385925292969e-01
5.890612602233886719e-01
3.466132283210754395e-01
4.846498370170593262e-01
8.538474440574645996e-01
3.585911393165588379e-01
6.172682717442512512e-02
3.988537788391113281e-01
3.185359239578247070e-01
6.344950199127197266e-01
4.373008012771606445e-01
3.706695437431335449e-01
7.145803570747375488e-01
7.469909191131591797e-01
8.839678168296813965e-01
8.760707974433898926e-01
8.676078319549560547e-01
5.911200046539306641e-01
7.521374225616455078e-01
8.033515810966491699e-01
4.967972040176391602e-01
7.185194492340087891e-01
9.879151582717895508e-01
8.679018020629882812e-01
8.916431069374084473e-01
9.219909310340881348e-01
6.794903278350830078e-01
7.999521493911743164e-01
7.258151769638061523e-01
8.795406818389892578e-01
9.781714677810668945e-01
5.099408030509948730e-01
8.685462474822998047e-01
7.160286307334899902e-01
5.849146842956542969e-01
9.775335788726806641e-01
8.161793947219848633e-01
2.247035950422286987e-01
7.008620500564575195e-01
2.912186980247497559e-01
9.041510820388793945e-01
6.942337155342102051e-01
8.789498805999755859e-01
6.353679299354553223e-01
1.634890884160995483e-01
3.427494764328002930e-01
5.765545368194580078e-01
7.845065593719482422e-01
7.169185876846313477e-01
2.643401920795440674e-01
4.469334483146667480e-01
1.156154423952102661e-01
4.412249922752380371e-01
5.699700862169265747e-02
2.738863825798034668e-01
5.599079728126525879e-01
4.833673834800720215e-01
9.652309417724609375e-01
1.447517275810241699e-01
9.438949078321456909e-02
4.621237218379974365e-01
4.485008120536804199e-01
5.727148652076721191e-01
6.810302734375000000e-01
2.687864899635314941e-01
2.581906020641326904e-01
2.627345323562622070e-01
6.123838573694229126e-02
9.725577831268310547e-01
1.974615901708602905e-01
6.217817068099975586e-01
2.696526050567626953e-01
5.188899040222167969e-01
6.533871889114379883e-01
9.296298027038574219e-01
7.039345502853393555e-01
3.161530196666717529e-01
3.356813788414001465e-01
2.237002551555633545e-01
3.259901106357574463e-01
8.758041262626647949e-02
3.508536815643310547e-01
8.744739294052124023e-01
1.942033469676971436e-01
8.278191089630126953e-01
7.795360088348388672e-01
2.044822573661804199e-01
3.207041621208190918e-01
5.579415559768676758e-01
4.936015605926513672e-01
9.587357044219970703e-01
7.782140374183654785e-01
6.864502429962158203e-01
8.033123016357421875e-01
3.537690639495849609e-01
5.711490511894226074e-01
3.313284516334533691e-01
2.317789793014526367e-01
8.356049656867980957e-01
6.689299941062927246e-01
5.557332038879394531e-01
7.475599646568298340e-01
6.142569780349731445e-01
9.718762040138244629e-01
6.483162641525268555e-01
7.519322633743286133e-01
7.098032236099243164e-01
8.018547296524047852e-01
6.369206905364990234e-01
6.800724267959594727e-01
8.630537986755371094e-01
7.877615690231323242e-01
7.818657159805297852e-01
3.468248248100280762e-01
7.594146728515625000e-01
9.809091091156005859e-01
8.628604412078857422e-01
8.134515285491943359e-01
7.917807698249816895e-01
5.330154299736022949e-01
4.226942658424377441e-01
7.701886892318725586e-01
5.457115173339843750e-01
8.008065819740295410e-01
8.733596801757812500e-01
8.767592906951904297e-01
8.885953426361083984e-01
3.507280945777893066e-01
8.739476203918457031e-01
6.476593017578125000e-01
8.920789361000061035e-01
2.527141273021697998e-01
5.049588680267333984e-01
9.367517828941345215e-01
8.798304796218872070e-01
7.158999443054199219e-01
8.410700559616088867e-01
5.745051503181457520e-01
4.298390150070190430e-01
9.366753101348876953e-01
7.465878129005432129e-01
9.541722536087036133e-01
5.717681050300598145e-01
7.658300399780273438e-01
8.776595592498779297e-01
5.702955126762390137e-01
8.529650568962097168e-01
6.200227141380310059e-01
9.055728316307067871e-01
1.287428736686706543e-01
3.895516097545623779e-01
4.639259874820709229e-01
6.870055794715881348e-01
8.788561820983886719e-01
7.296912670135498047e-01
1.545700132846832275e-01
8.012228012084960938e-01
6.848715543746948242e-01
7.667226791381835938e-01
8.493524789810180664e-01
6.683775782585144043e-01
5.196315646171569824e-01
8.644528985023498535e-01
8.282160162925720215e-01
8.606996536254882812e-01
4.978140294551849365e-01
5.580378174781799316e-01
8.444477319717407227e-01
2.882855944335460663e-02
7.459525465965270996e-01
6.360591053962707520e-01
4.556864500045776367e-01
6.115968227386474609e-01
5.712834596633911133e-01
4.734567105770111084e-01
3.193866014480590820e-01
3.888191282749176025e-01
4.071249961853027344e-01
6.647660732269287109e-01
7.219188213348388672e-01
6.007608771324157715e-01
9.872794151306152344e-01
7.764207124710083008e-01
5.659384131431579590e-01
9.060176014900207520e-01
7.209528684616088867e-01
5.760122537612915039e-01
4.422022104263305664e-01
8.003859519958496094e-01
8.228267431259155273e-01
8.918287158012390137e-01
3.122161626815795898e-01
5.915791988372802734e-01
4.686167836189270020e-01
7.735289335250854492e-01
9.788091182708740234e-01
8.312197923660278320e-01
7.995451688766479492e-01
3.501254320144653320e-01
9.496428966522216797e-01
3.869706988334655762e-01
8.757355213165283203e-01
9.640394449234008789e-01
8.374068737030029297e-01
7.940076589584350586e-01
5.488216876983642578e-01
6.605132818222045898e-01
6.489071846008300781e-01
9.203456640243530273e-01
4.015452861785888672e-01
8.671205639839172363e-01
2.492522597312927246e-01
6.124958992004394531e-01
6.014503836631774902e-01
5.330935716629028320e-01
4.818309545516967773e-01
4.292768836021423340e-01
6.383813619613647461e-01
7.096557617187500000e-01
9.924000501632690430e-01
4.120888411998748779e-01
6.232941746711730957e-01
1.961655616760253906e-01
2.726814448833465576e-01
5.451603531837463379e-01
9.973763227462768555e-01
8.536881208419799805e-01
5.655571222305297852e-01
4.633441567420959473e-01
4.622904360294342041e-01
1.191876754164695740e-01
1.485847532749176025e-01
4.813651442527770996e-01
8.169274330139160156e-01
1.073217615485191345e-01
7.473692297935485840e-02
5.335271954536437988e-01
3.016772866249084473e-01
3.139943480491638184e-01
4.174130558967590332e-01
7.524737715721130371e-01
2.347534894943237305e-01
6.220390796661376953e-01
4.449268877506256104e-01
2.182975113391876221e-01
6.176666021347045898e-01
9.368680417537689209e-02
1.840554177761077881e-01
1.107808873057365417e-01
1.054850667715072632e-01
3.290704786777496338e-01
5.519247055053710938e-01
6.326473951339721680e-01
3.402761220932006836e-01
9.471226930618286133e-01
6.041193008422851562e-01
5.382465124130249023e-01
5.152763128280639648e-01
4.502107799053192139e-01
4.592977762222290039e-01
1.995956003665924072e-01
4.373646974563598633e-01
7.470169663429260254e-01
5.942637920379638672e-01
6.431183218955993652e-01
8.655759692192077637e-01
8.780738115310668945e-01
5.006033778190612793e-01
1.594373434782028198e-01
2.639514803886413574e-01
5.303603410720825195e-01
3.993681073188781738e-01
3.716946840286254883e-01
9.773274660110473633e-01
6.975843310356140137e-01
4.197712838649749756e-01
7.251825332641601562e-01
1.829209029674530029e-01
9.527955055236816406e-01
7.746167182922363281e-01
1.369938701391220093e-01
8.468742370605468750e-01
8.118662834167480469e-01
7.039611339569091797e-01
4.081012010574340820e-01
7.296427488327026367e-01
2.877932786941528320e-01
1.850110292434692383e-01
4.966892898082733154e-01
6.069325208663940430e-01
7.499290704727172852e-01
9.554895758628845215e-01
4.524809122085571289e-01
6.417989730834960938e-01
6.113341450691223145e-01
8.410971164703369141e-01
9.341535568237304688e-01
8.393183946609497070e-01
9.812711477279663086e-01
6.935831904411315918e-01
3.924309611320495605e-01
8.094645142555236816e-01
9.010736942291259766e-01
8.530468940734863281e-01
9.474287033081054688e-01
4.300463795661926270e-01
9.899934530258178711e-01
6.628917455673217773e-01
8.686431646347045898e-01
8.330103158950805664e-01
4.209662079811096191e-01
5.588116645812988281e-01
7.056714594364166260e-02
9.054457545280456543e-01
4.373422861099243164e-01
3.445205986499786377e-01
4.098448753356933594e-01
9.359613656997680664e-01
5.173633098602294922e-01
7.464685440063476562e-01
4.399848580360412598e-01
2.317721545696258545e-01
3.004382848739624023e-01
5.961296558380126953e-01
5.789504647254943848e-01
4.361403584480285645e-01
1.802164614200592041e-01
4.362728297710418701e-01
4.341591000556945801e-01
2.656839489936828613e-01
3.872213959693908691e-01
8.594833612442016602e-01
6.288130283355712891e-01
1.623920500278472900e-01
5.495098829269409180e-01
8.806027173995971680e-01
3.187795579433441162e-01
7.737501859664916992e-01
8.388713002204895020e-03
7.719202041625976562e-01
5.717144533991813660e-02
5.000329017639160156e-01
8.751462697982788086e-01
6.240652799606323242e-01
3.741463720798492432e-01
3.015896677970886230e-01
3.380602598190307617e-02
5.372519493103027344e-01
7.437927126884460449e-01
7.330074906349182129e-01
4.006428718566894531e-01
8.990991115570068359e-01
9.374519586563110352e-01
3.795557618141174316e-01
6.876710653305053711e-01
4.403583705425262451e-01
9.274241924285888672e-01
8.293759822845458984e-02
9.989775419235229492e-01
6.831269264221191406e-01
9.045176506042480469e-01
6.284461021423339844e-01
7.717660665512084961e-01
3.838395476341247559e-01
5.662471055984497070e-01
4.554827809333801270e-01
8.158229589462280273e-01
6.760888099670410156e-01
9.506031274795532227e-01
7.407211065292358398e-01
5.735474824905395508e-01
6.279165148735046387e-01
6.262078285217285156e-01
9.941452741622924805e-01
1.794755458831787109e-01
4.084595441818237305e-01
9.091075509786605835e-02
5.693933963775634766e-01
4.577225744724273682e-01
5.631580948829650879e-01
8.524578809738159180e-01
7.273365259170532227e-01
9.942735433578491211e-01
2.254737913608551025e-01
1.991651058197021484e-01
7.800276875495910645e-01
7.493528127670288086e-01
4.820919632911682129e-01
2.262423783540725708e-01
1.540896445512771606e-01
7.495301961898803711e-01
1.729057729244232178e-01
2.172627449035644531e-01
3.187999725341796875e-01
5.131000876426696777e-01
9.836664050817489624e-02
9.175763726234436035e-01
7.084704637527465820e-01
3.431276977062225342e-01
5.930756926536560059e-01
6.810182929039001465e-01
3.109817504882812500e-01
7.383576631546020508e-01
3.221800923347473145e-01
6.036012172698974609e-01
5.189932584762573242e-01
7.290527969598770142e-02
2.691811025142669678e-01
9.867646694183349609e-01
9.717126488685607910e-01
2.299982756376266479e-01
9.802553653717041016e-01
8.961144685745239258e-01
9.387645721435546875e-01
2.440287768840789795e-01
8.923597931861877441e-01
8.509087562561035156e-01
7.691752910614013672e-01
6.005216836929321289e-01
8.466322422027587891e-01
7.852057218551635742e-01
4.374007582664489746e-01
9.550856351852416992e-01
6.145455837249755859e-01
5.223112702369689941e-01
5.071764588356018066e-01
6.394891142845153809e-01
9.116599559783935547e-01
4.079523384571075439e-01
3.092141747474670410e-01
5.566167831420898438e-01
1.091664880514144897e-01
1.906670480966567993e-01
3.102933466434478760e-01
4.921299815177917480e-01
7.497416734695434570e-01
4.798055887222290039e-01
8.291364312171936035e-01
9.826222658157348633e-01
1.593583822250366211e-01
3.944853544235229492e-01
2.910956442356109619e-01
6.533424854278564453e-01
4.164191484451293945e-01
4.154554903507232666e-01
5.915095806121826172e-01
1.254749894142150879e-01
5.789854526519775391e-01
9.763768911361694336e-01
6.654231548309326172e-01
6.692639589309692383e-01
5.357690453529357910e-01
3.002680540084838867e-01
6.073387861251831055e-01
7.928741574287414551e-01
7.751592248678207397e-02
6.283292770385742188e-01
7.576140165328979492e-01
9.874405860900878906e-01
5.035852789878845215e-01
9.659013748168945312e-01
8.955558538436889648e-01
5.858241915702819824e-01
7.094085216522216797e-01
5.285113453865051270e-01
2.093078196048736572e-01
5.298821330070495605e-01
5.048217773437500000e-01
1.353606432676315308e-01
3.513328433036804199e-01
1.597438454627990723e-01
3.473467230796813965e-01
4.261033833026885986e-01
7.243096828460693359e-01
9.876277446746826172e-01
5.030066967010498047e-01
5.658110380172729492e-01
5.913938879966735840e-01
4.718055129051208496e-01
5.419182777404785156e-01
7.527072429656982422e-01
3.117457330226898193e-01
6.481830477714538574e-01
3.971297144889831543e-01
1.295487284660339355e-01
8.991336822509765625e-01
9.686243534088134766e-01
9.560129046440124512e-01
7.423141002655029297e-01
8.959588408470153809e-01
2.344286739826202393e-01
6.988340616226196289e-01
9.484020471572875977e-01
9.981867074966430664e-01
4.975828230381011963e-01
6.159785985946655273e-01
6.853617429733276367e-01
9.398961663246154785e-01
6.200703978538513184e-01
6.496508121490478516e-01
9.742362499237060547e-01
9.065040946006774902e-01
9.402480125427246094e-01
1.361379921436309814e-01
3.843243718147277832e-01
4.735896587371826172e-01
8.443977832794189453e-01
7.353130578994750977e-01
6.739984750747680664e-01
8.519943952560424805e-01
6.394026875495910645e-01
6.123143434524536133e-01
6.043973565101623535e-01
6.412940025329589844e-01
2.864181995391845703e-01
7.097648978233337402e-01
6.652816534042358398e-01
7.161813974380493164e-01
5.209482908248901367e-01
6.073714494705200195e-01
7.585437297821044922e-01
6.273123025894165039e-01
5.548870563507080078e-01
3.677875399589538574e-01
5.415810942649841309e-01
8.819249868392944336e-01
8.376799821853637695e-01
5.928695201873779297e-01
4.439960718154907227e-01
5.083156228065490723e-01
6.121696233749389648e-01
7.977373600006103516e-01
7.666104435920715332e-01
9.650287032127380371e-01
5.676934719085693359e-01
3.584514856338500977e-01
3.240200281143188477e-01
5.624128580093383789e-01
2.813402116298675537e-01
8.738001585006713867e-01
6.112438440322875977e-01
4.891313910484313965e-01
2.919728159904479980e-01
4.589190483093261719e-01
4.734795689582824707e-01
4.866829216480255127e-01
6.229226589202880859e-01
9.896329641342163086e-01
5.921477079391479492e-01
1.692826449871063232e-01
3.913251161575317383e-01
6.770209074020385742e-01
9.309967756271362305e-01
6.572579145431518555e-01
4.932537376880645752e-01
6.481154561042785645e-01
5.568520426750183105e-01
6.865751743316650391e-01
3.506712317466735840e-01
7.453429698944091797e-01
6.356727480888366699e-01
7.109069824218750000e-01
5.670807361602783203e-01
3.148704767227172852e-01
3.269407153129577637e-01
3.689188361167907715e-01
3.044313192367553711e-01
2.616977691650390625e-01
4.686712324619293213e-01
4.805076122283935547e-01
3.837440311908721924e-01
3.042655885219573975e-01
9.989947080612182617e-01
6.503553390502929688e-01
6.089474558830261230e-01
6.357816457748413086e-01
3.226901590824127197e-01
3.991436362266540527e-01
5.542893409729003906e-01
7.595661878585815430e-01
7.570836544036865234e-01
8.700976520776748657e-02
7.123532295227050781e-01
7.024899721145629883e-01
5.788887143135070801e-01
9.169781804084777832e-01
8.966504335403442383e-01
9.645456075668334961e-01
2.497397363185882568e-01
7.352412939071655273e-01
4.406017065048217773e-01
6.219000220298767090e-01
5.905849933624267578e-01
4.097003936767578125e-01
4.408726692199707031e-01
8.071185350418090820e-01
4.786075353622436523e-01
9.261096715927124023e-01
5.026656389236450195e-01
5.714240670204162598e-01
8.831207752227783203e-01
4.741914868354797363e-01
6.711184382438659668e-01
1.556376069784164429e-01
7.837889194488525391e-01
5.305944085121154785e-01
8.865592479705810547e-01
3.867968022823333740e-01
3.444783687591552734e-01
2.506650090217590332e-01
6.251665353775024414e-01
8.573902845382690430e-01
4.973270297050476074e-01
1.547689735889434814e-01
7.492753863334655762e-01
4.248268604278564453e-01
8.232561349868774414e-01
4.220376610755920410e-01
3.337264060974121094e-01
7.017802000045776367e-01
3.166818618774414062e-01
3.793213963508605957e-01
5.455746054649353027e-01
8.268486261367797852e-01
7.586550712585449219e-01
2.659298181533813477e-01
7.631883025169372559e-02
6.552078723907470703e-01
6.591518521308898926e-01
8.276311755180358887e-01
4.062402248382568359e-01
8.666023015975952148e-01
4.811985492706298828e-01
8.893055915832519531e-01
3.275586664676666260e-01
9.071715474128723145e-01
6.261324286460876465e-01
5.950268507003784180e-01
8.031290173530578613e-01
5.103471875190734863e-01
5.350320339202880859e-01
8.644132614135742188e-01
6.138677597045898438e-01
6.084031462669372559e-01
8.758237361907958984e-01
9.710054397583007812e-01
7.285437583923339844e-01
4.789427220821380615e-01
8.920476436614990234e-01
8.858502507209777832e-01
4.118322730064392090e-01
7.175031900405883789e-01
7.656191587448120117e-01
3.311532437801361084e-01
6.583885550498962402e-01
4.220999479293823242e-01
9.400621056556701660e-01
6.230774521827697754e-01
4.963693618774414062e-01
4.222120940685272217e-01
6.701436042785644531e-01
5.865975618362426758e-01
4.831438660621643066e-01
6.380752325057983398e-01
7.108715772628784180e-01
5.477856993675231934e-01
8.012853860855102539e-01
6.147592067718505859e-01
5.016649365425109863e-01
1.750020980834960938e-01
7.142019271850585938e-01
2.288134396076202393e-01
5.980989933013916016e-01
9.025535583496093750e-01
3.985691368579864502e-01
8.749748468399047852e-01
9.210725426673889160e-01
9.932267665863037109e-01
7.883958816528320312e-01
9.242736101150512695e-01
6.699510812759399414e-01
9.514337778091430664e-01
9.442118406295776367e-01
9.660159349441528320e-01
7.709635496139526367e-01
9.903777241706848145e-01
9.886520504951477051e-01
8.083698749542236328e-01
2.120273113250732422e-01
7.694034576416015625e-01
8.728989362716674805e-01
8.587061166763305664e-01
8.195749521255493164e-01
4.945074319839477539e-01
6.447082757949829102e-01
7.871221303939819336e-01
4.349605441093444824e-01
7.978291511535644531e-01
7.755841016769409180e-01
8.136049509048461914e-01
3.708504438400268555e-01
4.247459471225738525e-01
8.619086742401123047e-01
7.568449974060058594e-01
2.820157408714294434e-01
8.328257799148559570e-01
7.525048255920410156e-01
7.197038531303405762e-01
3.563995063304901123e-01
4.153043031692504883e-01
8.590116500854492188e-01
4.443445205688476562e-01
8.967475891113281250e-01
1.632016003131866455e-01
7.534965276718139648e-01
7.587160468101501465e-01
4.405639767646789551e-01
6.182009577751159668e-01
7.865847349166870117e-01
5.308382511138916016e-01
3.152387440204620361e-01
4.756565093994140625e-01
5.262895822525024414e-01
7.654713392257690430e-01
5.819434523582458496e-01
6.745851039886474609e-01
3.060934245586395264e-01
4.065610468387603760e-01
3.380674421787261963e-01
1.865208745002746582e-01
5.175991058349609375e-01
5.519297122955322266e-01
3.934363126754760742e-01
6.051133573055267334e-02
6.098546385765075684e-01
2.497495263814926147e-01
1.530975382775068283e-02
1.305323243141174316e-01
3.982537426054477692e-03
8.023643493652343750e-01
5.004732608795166016e-01
4.961481392383575439e-01
3.779970407485961914e-01
8.465620279312133789e-01
9.896767884492874146e-02
9.467289447784423828e-01
3.346402645111083984e-01
4.085977673530578613e-01
5.888619422912597656e-01
9.764095544815063477e-01
2.727309167385101318e-01
7.711643576622009277e-01
9.847341179847717285e-01
7.714838981628417969e-01
9.250825643539428711e-01
5.848776698112487793e-01
8.739246129989624023e-01
8.895205259323120117e-01
5.727756023406982422e-01
7.120980024337768555e-01
9.022500514984130859e-01
8.498905301094055176e-01
9.047712683677673340e-01
7.561373710632324219e-01
6.366106867790222168e-01
4.881144165992736816e-01
8.031132221221923828e-01
8.267351984977722168e-01
6.267727613449096680e-01
1.110366731882095337e-01
7.721251249313354492e-01
2.416145801544189453e-01
4.242281913757324219e-01
2.723318636417388916e-01
7.626077532768249512e-01
2.722168266773223877e-01
1.977836191654205322e-01
1.626222282648086548e-01
5.359151363372802734e-01
3.114521205425262451e-01
1.975770741701126099e-01
7.463943958282470703e-01
1.979110240936279297e-01
5.919544100761413574e-01
3.365503549575805664e-01
4.278881549835205078e-01
8.780966997146606445e-01
5.211691856384277344e-01
6.029978990554809570e-01
1.690780818462371826e-01
6.415910124778747559e-01
3.409918546676635742e-01
9.743136167526245117e-01
8.009681701660156250e-01
3.211274445056915283e-01
4.198208451271057129e-01
4.116255044937133789e-01
4.895905554294586182e-01
1.231510117650032043e-01
1.546192467212677002e-01
5.986256599426269531e-01
6.578810214996337891e-01
4.719501137733459473e-01
3.293140232563018799e-01
3.784589767456054688e-01
2.334985285997390747e-01
3.989713191986083984e-01
8.304590582847595215e-01
2.776987254619598389e-01
2.665937840938568115e-01
2.577906250953674316e-01
5.176087617874145508e-01
6.009370088577270508e-01
4.218879342079162598e-01
8.613628745079040527e-01
7.873876690864562988e-01
5.873249769210815430e-01
3.022872507572174072e-01
5.741766095161437988e-01
7.417383193969726562e-01
2.811032831668853760e-01
5.628727674484252930e-01
4.299377799034118652e-01
2.525061070919036865e-01
5.497422814369201660e-01
3.365774452686309814e-01
5.937014818191528320e-01
1.678310632705688477e-01
4.412749409675598145e-01
7.902616262435913086e-01
9.959757328033447266e-01
7.818949222564697266e-01
7.696264982223510742e-01
2.532951235771179199e-01
8.422480821609497070e-01
4.475106000900268555e-01
5.908469557762145996e-01
6.174979209899902344e-01
2.279265373945236206e-01
4.929744303226470947e-01
8.943084478378295898e-01
9.137163758277893066e-01
6.955029964447021484e-01
9.590139389038085938e-01
5.074918866157531738e-01
4.486122429370880127e-01
8.105190992355346680e-01
5.546051263809204102e-01
8.384421467781066895e-01
7.365672588348388672e-01
5.836387872695922852e-01
2.367731034755706787e-01
2.644703090190887451e-01
4.811972975730895996e-01
6.178180575370788574e-01
2.976078093051910400e-01
2.634560763835906982e-01
5.274580121040344238e-01
3.434413075447082520e-01
6.940376758575439453e-01
1.939444988965988159e-01
5.581980943679809570e-01
2.976126074790954590e-01
9.557760953903198242e-01
4.283887147903442383e-01
4.290616512298583984e-01
7.791755199432373047e-01
5.097290277481079102e-01
5.345597267150878906e-01
4.759050011634826660e-01
6.075788736343383789e-01
3.698270320892333984e-01
8.348621129989624023e-01
1.004839595407247543e-02
4.153618514537811279e-01
5.556411743164062500e-01
5.740311741828918457e-01
2.708374261856079102e-01
5.292763113975524902e-01
2.376113086938858032e-01
4.672768115997314453e-01
2.579632699489593506e-01
4.334492385387420654e-01
8.332170248031616211e-01
5.136134028434753418e-01
5.072191357612609863e-01
6.724843978881835938e-01
1.811741292476654053e-01
1.391232311725616455e-01
7.641800045967102051e-01
8.231109380722045898e-01
9.487493038177490234e-01
4.400388598442077637e-01
3.705852329730987549e-01
4.470196366310119629e-01
7.027534246444702148e-01
5.124707818031311035e-01
9.957435131072998047e-01
7.314654588699340820e-01
5.096939802169799805e-01
4.850592017173767090e-01
7.955130338668823242e-01
8.333305120468139648e-01
9.426806569099426270e-01
8.173545598983764648e-01
4.502066969871520996e-01
8.906223773956298828e-01
8.629534244537353516e-01
8.338270187377929688e-01
1.111005023121833801e-01
4.062068164348602295e-01
3.620379567146301270e-01
3.220150470733642578e-01
4.013248085975646973e-01
6.466236710548400879e-01
3.563802838325500488e-01
3.112360537052154541e-01
2.291043400764465332e-01
5.011497735977172852e-01
1.808559298515319824e-01
3.415443301200866699e-01
4.902259111404418945e-01
4.933922737836837769e-02
5.858418345451354980e-01
4.857928156852722168e-01
3.795084953308105469e-01
1.419731229543685913e-01
2.377176880836486816e-01
6.219188570976257324e-01
5.345354080200195312e-01
5.815091133117675781e-01
9.484924077987670898e-01
7.233989238739013672e-01
7.635166645050048828e-01
5.206207633018493652e-01
9.519518017768859863e-01
8.980401754379272461e-01
9.590160846710205078e-01
6.224849224090576172e-01
9.761059284210205078e-01
6.251443624496459961e-01
8.057655096054077148e-01
7.105195522308349609e-01
7.364605665206909180e-01
9.090656638145446777e-01
8.616794347763061523e-01
8.006684780120849609e-01
7.846753597259521484e-01
7.650382518768310547e-01
3.217495083808898926e-01
6.536022424697875977e-01
4.843184351921081543e-01
9.769200347363948822e-03
5.306457877159118652e-01
8.699955940246582031e-01
9.308090209960937500e-01
5.040784478187561035e-01
5.062186717987060547e-01
6.733022928237915039e-01
5.860425233840942383e-01
6.688460707664489746e-01
1.738592982292175293e-01
4.118562340736389160e-01
4.555531740188598633e-01
5.698220133781433105e-01
6.439732313156127930e-01
4.436696767807006836e-01
9.066222906112670898e-01
8.031172752380371094e-01
6.604058146476745605e-01
7.796319127082824707e-01
9.580866098403930664e-01
4.603990912437438965e-01
8.101689815521240234e-01
2.245002388954162598e-01
3.896823525428771973e-01
5.764335393905639648e-01
9.299205541610717773e-01
8.962934017181396484e-01
9.633837938308715820e-01
3.769804239273071289e-01
7.023540735244750977e-01
5.962485074996948242e-01
9.551746845245361328e-01
5.856851339340209961e-01
7.242937088012695312e-01
6.982589960098266602e-01
9.513633251190185547e-01
8.984827995300292969e-01
6.532968282699584961e-01
3.970991969108581543e-01
7.374957203865051270e-01
2.936453819274902344e-01
9.400286674499511719e-01
7.110683917999267578e-01
4.335561990737915039e-01
1.934929788112640381e-01
6.493666172027587891e-01
9.972257614135742188e-01
5.851504206657409668e-01
6.603404283523559570e-01
3.672486543655395508e-01
8.479275107383728027e-01
6.620654463768005371e-01
9.226818084716796875e-01
3.120655715465545654e-01
5.488269329071044922e-01
8.188336491584777832e-01
4.931153953075408936e-01
9.450634717941284180e-01
9.162245988845825195e-01
2.519119083881378174e-01
9.497392177581787109e-01
4.279656708240509033e-01
1.531475484371185303e-01
6.085798740386962891e-01
7.805955410003662109e-01
5.417595505714416504e-01
6.236968040466308594e-01
8.843152523040771484e-01
8.830193281173706055e-01
1.198433786630630493e-01
8.645465373992919922e-01
8.811783790588378906e-01
9.439468979835510254e-01
2.593093812465667725e-01
6.090010404586791992e-01
1.461776345968246460e-01
1.226508617401123047e-01
4.979903399944305420e-01
9.641233682632446289e-01
2.714100182056427002e-01
6.412756443023681641e-01
9.481472969055175781e-01
8.317945003509521484e-01
8.769443631172180176e-01
7.103340625762939453e-01
4.691035151481628418e-01
9.586236476898193359e-01
5.695598125457763672e-01
2.230957150459289551e-01
6.537482738494873047e-01
6.603005528450012207e-01
9.812347292900085449e-01
7.705663442611694336e-01
5.607272982597351074e-01
9.899294376373291016e-01
8.191869258880615234e-01
2.352089434862136841e-01
8.399855494499206543e-01
9.991242289543151855e-01
9.178863763809204102e-01
5.738171935081481934e-01
6.284288167953491211e-01
6.530026197433471680e-01
8.907444477081298828e-01
9.250617027282714844e-01
2.396770268678665161e-01
9.975278377532958984e-01
8.813009262084960938e-01
7.704405784606933594e-01
7.570581436157226562e-01
9.767621755599975586e-01
8.275715112686157227e-01
5.799329876899719238e-01
7.672937512397766113e-01
6.708171367645263672e-01
5.329339504241943359e-01
6.894102096557617188e-01
3.848169744014739990e-01
2.022990584373474121e-01
5.207412242889404297e-01
9.723443388938903809e-01
5.990199446678161621e-01
9.166101217269897461e-01
6.973511576652526855e-01
1.518627107143402100e-01
6.188427209854125977e-01
2.749102711677551270e-01
1.358634382486343384e-01
6.794595718383789062e-01
8.980621099472045898e-01
7.550393342971801758e-01
5.688405036926269531e-01
1.805053204298019409e-01
9.784883260726928711e-01
6.391459703445434570e-01
4.244250655174255371e-01
5.392200499773025513e-02
3.705091178417205811e-01
9.825888276100158691e-01
9.261342287063598633e-01
5.310128927230834961e-01
7.246223092079162598e-01
8.275055289268493652e-01
9.379392266273498535e-01
5.479085445404052734e-01
8.507262170314788818e-02
9.557954072952270508e-01
9.588010311126708984e-01
3.459506928920745850e-01
1.716527193784713745e-01
9.604120850563049316e-01
8.891696929931640625e-01
1.923796236515045166e-01
5.777677297592163086e-01
1.284688115119934082e-01
7.375500202178955078e-01
6.021962165832519531e-01
5.746356248855590820e-01
9.919369816780090332e-01
6.650280952453613281e-01
3.712294101715087891e-01
5.764827728271484375e-01
1.335629522800445557e-01
3.550746142864227295e-01
9.936499595642089844e-01
9.664775133132934570e-01
7.515951395034790039e-01
7.545465230941772461e-01
7.435108423233032227e-01
7.562712430953979492e-01
5.729529857635498047e-01
7.748997211456298828e-01
8.855875730514526367e-01
6.883800625801086426e-01
3.402557671070098877e-01
1.854661554098129272e-01
7.753487229347229004e-01
3.369051814079284668e-01
3.495908975601196289e-01
4.068713486194610596e-01
1.313886940479278564e-01
6.957887411117553711e-01
6.158659458160400391e-01
5.444860458374023438e-01
5.633448958396911621e-01
5.883736014366149902e-01
6.455312967300415039e-01
6.696130037307739258e-01
2.598111033439636230e-01
3.529865145683288574e-01
5.174407958984375000e-01
5.811719894409179688e-01
3.000783324241638184e-01
4.557690918445587158e-01
6.231274008750915527e-01
1.060672253370285034e-01
5.108007788658142090e-01
6.445485353469848633e-01
6.808876991271972656e-01
2.789314389228820801e-01
3.448475003242492676e-01
4.711921215057373047e-01
8.199394941329956055e-01
6.475766897201538086e-01
5.982912778854370117e-01
5.908164978027343750e-01
5.437104105949401855e-01
4.925566613674163818e-01
4.737454056739807129e-01
3.283111453056335449e-01
6.527710556983947754e-01
7.359164953231811523e-01
4.982367157936096191e-01
4.159016609191894531e-01
2.220816314220428467e-01
5.156152248382568359e-01
4.192555546760559082e-01
3.859476745128631592e-01
1.066767051815986633e-01
7.563627324998378754e-03
6.101879850029945374e-02
5.905244350433349609e-01
2.186269462108612061e-01
2.136266604065895081e-02
5.615673586726188660e-02
5.828251689672470093e-02
4.176957309246063232e-01
9.998871088027954102e-01
7.728862166404724121e-01
8.607883453369140625e-01
5.901781320571899414e-01
8.403822183609008789e-01
5.807176232337951660e-01
8.731175065040588379e-01
6.888536363840103149e-02
2.065353095531463623e-01
9.108442068099975586e-02
1.628552079200744629e-01
9.118533134460449219e-01
1.040868647396564484e-02
3.615213930606842041e-01
4.828913807868957520e-01
4.742283225059509277e-01
1.364278346300125122e-01
8.066618442535400391e-01
3.997539281845092773e-01
7.891647815704345703e-01
3.517306745052337646e-01
3.098677992820739746e-01
2.137993276119232178e-01
4.520401060581207275e-01
3.412828445434570312e-01
7.639850974082946777e-01
5.652707815170288086e-01
3.557899594306945801e-01
2.011414021253585815e-01
2.896389663219451904e-01
4.782210886478424072e-01
6.681674718856811523e-01
5.309880971908569336e-01
5.516172051429748535e-01
7.435714602470397949e-01
3.656452298164367676e-01
2.411648631095886230e-01
7.482396364212036133e-01
8.581054210662841797e-01
4.971314668655395508e-01
7.276614904403686523e-01
8.697984218597412109e-01
2.657053768634796143e-01
3.898001313209533691e-01
3.133663535118103027e-01
5.988697409629821777e-01
3.089050352573394775e-01
2.836343646049499512e-01
5.220845937728881836e-01
1.095801964402198792e-01
9.275920391082763672e-01
5.550215244293212891e-01
5.862355828285217285e-01
6.703615784645080566e-01
9.826691150665283203e-01
4.219951927661895752e-01
8.737235069274902344e-01
6.409687995910644531e-01
8.696523308753967285e-01
9.510579705238342285e-01
9.240262508392333984e-01
9.158526659011840820e-01
7.396370172500610352e-01
9.903262853622436523e-01
6.790156364440917969e-01
7.879712581634521484e-01
7.199964523315429688e-01
8.149193525314331055e-01
8.347055912017822266e-01
5.054118037223815918e-01
1.122942715883255005e-01
2.627215981483459473e-01
4.818325042724609375e-01
2.440192699432373047e-01
2.620261609554290771e-01
2.928741276264190674e-01
7.560049891471862793e-01
3.032131791114807129e-01
1.856959015130996704e-01
6.113004684448242188e-01
3.082813024520874023e-01
7.669196128845214844e-01
6.305828094482421875e-01
5.578792691230773926e-01
4.302539825439453125e-01
5.671780109405517578e-01
1.610731780529022217e-01
6.992779970169067383e-01
6.888316273689270020e-01
6.506568193435668945e-01
8.322209119796752930e-01
9.014890789985656738e-01
6.959989070892333984e-01
3.005048036575317383e-01
4.982471764087677002e-01
3.948859572410583496e-01
9.516067504882812500e-01
3.222277760505676270e-01
9.746696949005126953e-01
6.631573438644409180e-01
6.599946022033691406e-01
5.047761797904968262e-01
2.927837073802947998e-01
3.280937969684600830e-01
9.682164788246154785e-01
4.294850528240203857e-01
2.436082363128662109e-01
6.523588895797729492e-01
2.620181143283843994e-01
4.804704189300537109e-01
9.998676776885986328e-01
6.971321702003479004e-01
8.418664932250976562e-01
4.882376790046691895e-01
9.973617792129516602e-01
9.879842996597290039e-01
5.984688997268676758e-01
2.957358658313751221e-01
6.409614682197570801e-01
2.566381990909576416e-01
9.623960852622985840e-01
9.631689190864562988e-01
6.636125445365905762e-01
6.953875422477722168e-01
9.580793380737304688e-01
4.829044342041015625e-01
9.093157052993774414e-01
9.526203870773315430e-01
9.744949340820312500e-01
7.985528111457824707e-01
2.579808831214904785e-01
6.976294517517089844e-01
4.288582205772399902e-01
6.996935606002807617e-01
9.895301461219787598e-01
4.597594141960144043e-01
9.540253877639770508e-01
7.626010775566101074e-01
8.511580228805541992e-01
1.264588981866836548e-01
8.456286191940307617e-01
5.831474065780639648e-01
8.434141874313354492e-01
8.818027973175048828e-01
5.034436583518981934e-01
7.869504690170288086e-01
4.009022712707519531e-01
5.289541482925415039e-01
5.535541772842407227e-01
8.771085739135742188e-01
4.478405416011810303e-01
7.929300069808959961e-01
5.224052667617797852e-01
5.379132032394409180e-01
1.612564325332641602e-01
4.855245351791381836e-01
2.659436464309692383e-01
3.269169330596923828e-01
2.085795104503631592e-01
3.761493563652038574e-01
4.621985256671905518e-01
3.168199658393859863e-01
3.697762191295623779e-01
2.110048234462738037e-01
1.735004633665084839e-01
3.568129241466522217e-01
7.603343725204467773e-01
4.232663214206695557e-01
4.038062393665313721e-01
3.508388102054595947e-01
4.579948186874389648e-01
7.675393819808959961e-01
8.550539016723632812e-01
4.057165086269378662e-01
6.082150936126708984e-01
5.277500748634338379e-01
6.589064598083496094e-01
5.562723278999328613e-01
7.257053852081298828e-01
7.334324121475219727e-01
8.191549777984619141e-01
9.645197987556457520e-01
5.716056823730468750e-01
4.072083830833435059e-01
6.442615985870361328e-01
4.784632325172424316e-01
7.721248865127563477e-01
5.341705083847045898e-01
2.381326705217361450e-01
4.575574994087219238e-01
4.353765249252319336e-01
3.681096732616424561e-01
3.227360844612121582e-01
3.080051541328430176e-01
9.988212585449218750e-01
9.999995827674865723e-01
5.216881036758422852e-01
9.999988079071044922e-01
1.890941411256790161e-01
5.350892543792724609e-01
2.990166246891021729e-01
1.057981550693511963e-01
9.451889395713806152e-01
4.752370119094848633e-01
9.999995827674865723e-01
4.309173524379730225e-01
6.952691078186035156e-01
9.894990921020507812e-01
9.892143011093139648e-01
3.579975366592407227e-01
7.336854934692382812e-01
7.947806119918823242e-01
5.084751248359680176e-01
3.847931921482086182e-01
9.926130771636962891e-01
3.191683888435363770e-01
5.216994881629943848e-01
1.187235563993453979e-01
4.764834642410278320e-01
5.167440772056579590e-01
8.693748116493225098e-01
9.532133340835571289e-01
7.879542112350463867e-01
2.250346541404724121e-01
9.630476683378219604e-02
6.083064675331115723e-01
8.216235637664794922e-01
6.479582786560058594e-01
4.795305430889129639e-01
5.737316608428955078e-01
3.474188446998596191e-01
4.699287116527557373e-01
5.265144109725952148e-01
8.699101805686950684e-01
1.032414734363555908e-01
7.194225788116455078e-01
6.130458712577819824e-01
9.507652521133422852e-01
4.953079819679260254e-01
9.943788051605224609e-01
8.962105512619018555e-01
6.085288524627685547e-01
9.501633644104003906e-01
7.686541676521301270e-01
9.546647071838378906e-01
6.866291761398315430e-01
4.190681874752044678e-01
6.764364242553710938e-01
1.400182247161865234e-01
7.572345733642578125e-01
8.713757991790771484e-01
7.721859216690063477e-01
9.150732755661010742e-01
6.469272375106811523e-01
6.228237152099609375e-01
7.979715466499328613e-01
3.375932574272155762e-01
9.849521517753601074e-01
6.547422409057617188e-01
4.032093584537506104e-01
8.013803958892822266e-01
8.040820360183715820e-01
9.926235675811767578e-01
5.356355905532836914e-01
1.934520751237869263e-01
6.433311700820922852e-01
8.351697325706481934e-01
5.654640197753906250e-01
7.483702898025512695e-01
8.397845029830932617e-01
1.155359223484992981e-01
8.258605003356933594e-01
5.255068540573120117e-01
8.036521673202514648e-01
5.293053388595581055e-01
4.608674049377441406e-01
5.038974285125732422e-01
7.106109261512756348e-01
3.765591382980346680e-01
3.198857605457305908e-01
4.794538319110870361e-01
3.090189397335052490e-01
8.510676622390747070e-01
8.225669860839843750e-01
7.015534639358520508e-01
4.853310883045196533e-01
3.933622837066650391e-01
5.362612009048461914e-01
5.888601541519165039e-01
9.835685491561889648e-01
6.417984366416931152e-01
9.607492089271545410e-01
4.193659126758575439e-01
6.561414599418640137e-01
2.344518303871154785e-01
8.231714963912963867e-01
7.863309383392333984e-01
9.867796301841735840e-01
9.915127754211425781e-01
8.086206912994384766e-01
6.218767166137695312e-01
9.263961911201477051e-01
1.852555572986602783e-01
5.014708042144775391e-01
9.300191402435302734e-01
4.398875832557678223e-01
4.974396228790283203e-01
8.149856328964233398e-01
8.886240720748901367e-01
8.059434294700622559e-01
6.489993333816528320e-01
4.114781916141510010e-01
5.745404958724975586e-01
7.461059093475341797e-01
5.004488229751586914e-01
5.737669467926025391e-01
4.083119630813598633e-01
4.584930241107940674e-01
2.762433290481567383e-01
7.243677377700805664e-01
3.360346555709838867e-01
4.324883520603179932e-01
5.023895502090454102e-01
7.157208323478698730e-01
6.790041923522949219e-01
8.186829090118408203e-01
7.544228434562683105e-01
3.022983670234680176e-01
4.267697334289550781e-01
3.032585978507995605e-01
2.071315050125122070e-01
5.131690502166748047e-01
4.651530981063842773e-01
9.773482084274291992e-01
9.882319569587707520e-01
3.507990241050720215e-01
9.007229804992675781e-01
7.941836118698120117e-01
9.491618275642395020e-01
7.007256150245666504e-01
9.503079652786254883e-01
3.275971412658691406e-01
7.391340136528015137e-01
6.921889185905456543e-01
8.854923248291015625e-01
1.078239530324935913e-01
5.941234827041625977e-01
8.390744924545288086e-01
4.710851609706878662e-01
3.808510899543762207e-01
4.030424356460571289e-01
5.083078145980834961e-01
4.335923790931701660e-01
6.405751705169677734e-01
7.099454998970031738e-01
3.281778693199157715e-01
8.798415660858154297e-01
3.917990028858184814e-01
6.009817123413085938e-01
9.738693237304687500e-01
9.968070983886718750e-01
4.475184381008148193e-01
7.435502409934997559e-01
4.406660795211791992e-01
4.476794600486755371e-01
7.349265813827514648e-01
8.046162128448486328e-01
3.673029839992523193e-01
7.346307039260864258e-01
8.096693754196166992e-01
5.482813119888305664e-01
1.320303417742252350e-02
3.038788139820098877e-01
7.680350542068481445e-01
9.306440353393554688e-01
9.811190366744995117e-01
6.703048944473266602e-01
9.184628129005432129e-01
6.765904426574707031e-01
4.436038732528686523e-01
8.188474178314208984e-01
3.062801361083984375e-01
1.558086276054382324e-02
2.784705162048339844e-01
9.750382900238037109e-01
5.172403454780578613e-01
9.646971225738525391e-01
6.905845403671264648e-01
7.481516003608703613e-01
8.355140686035156250e-01
4.624393582344055176e-01
5.841423273086547852e-01
4.792544543743133545e-01
6.197975873947143555e-01
8.107162117958068848e-01
5.078333616256713867e-01
9.157258272171020508e-01
7.272179126739501953e-01
8.008595705032348633e-01
9.529288411140441895e-01
7.239967584609985352e-01
7.842295169830322266e-01
5.743138194084167480e-01
5.817688107490539551e-01
7.871673107147216797e-01
3.895475268363952637e-01
4.573375731706619263e-02
9.610822200775146484e-01
3.107020258903503418e-01
6.087865829467773438e-01
4.486902803182601929e-02
8.566656708717346191e-01
6.429305076599121094e-01
7.671573758125305176e-01
8.952610492706298828e-01
9.671328067779541016e-01
8.793605566024780273e-01
7.627317905426025391e-01
7.075710296630859375e-01
3.006483912467956543e-01
8.372904062271118164e-01
3.824740052223205566e-01
7.452914118766784668e-01
4.837700724601745605e-01
9.249846935272216797e-01
9.052788615226745605e-01
8.242083787918090820e-01
9.877522587776184082e-01
9.455572366714477539e-01
6.938447356224060059e-01
3.213585615158081055e-01
5.566167831420898438e-01
9.839673042297363281e-01
2.351140826940536499e-01
3.230018615722656250e-01
3.168366551399230957e-01
1.150395795702934265e-01
3.693633675575256348e-01
8.066839575767517090e-01
4.104926288127899170e-01
6.527544856071472168e-01
1.544032692909240723e-01
4.239226877689361572e-01
6.394829750061035156e-01
5.487563014030456543e-01
2.417586296796798706e-01
4.843513667583465576e-01
1.186028867959976196e-01
4.894184470176696777e-01
9.824727773666381836e-01
2.161024808883666992e-01
2.655149102210998535e-01
3.267857730388641357e-01
6.843359470367431641e-01
6.585405468940734863e-01
4.716686010360717773e-01
8.041886687278747559e-01
3.481149375438690186e-01
4.912029802799224854e-01
3.714092373847961426e-01
3.454349040985107422e-01
5.902729630470275879e-01
4.776933193206787109e-01
5.577628016471862793e-01
4.712511599063873291e-01
6.636576056480407715e-01
2.756090760231018066e-01
3.834070563316345215e-01
8.743035048246383667e-02
7.169121503829956055e-01
8.593885898590087891e-01
5.671401023864746094e-01
3.928937911987304688e-01
5.041955709457397461e-01
6.626484394073486328e-01
9.042847156524658203e-01
7.063837647438049316e-01
8.499822616577148438e-01
7.597964406013488770e-01
8.105093240737915039e-01
4.688627123832702637e-01
3.545295000076293945e-01
7.640314102172851562e-01
6.020491123199462891e-01
3.850830197334289551e-01
4.100327491760253906e-01
4.979455173015594482e-01
9.845201969146728516e-01
5.064253211021423340e-01
4.972091615200042725e-01
7.231904268264770508e-01
6.481001377105712891e-01
8.068764209747314453e-01
9.418275356292724609e-01
6.242575645446777344e-01
9.880030155181884766e-01
9.414508342742919922e-01
8.274829387664794922e-01
3.539520502090454102e-01
6.505131125450134277e-01
8.095415830612182617e-01
9.713432788848876953e-01
9.526292085647583008e-01
9.239904880523681641e-01
6.574339866638183594e-01
6.226124167442321777e-01
7.057498097419738770e-01
9.340774416923522949e-01
6.798490285873413086e-01
1.824233382940292358e-01
3.902254104614257812e-01
8.333898782730102539e-01
8.706160783767700195e-01
6.782577037811279297e-01
3.942953646183013916e-01
4.978362917900085449e-01
7.104887962341308594e-01
6.285177469253540039e-01
3.567252159118652344e-01
3.747725486755371094e-01
8.143504858016967773e-01
8.498392105102539062e-01
5.282406210899353027e-01
8.043230772018432617e-01
2.720128595829010010e-01
4.965535998344421387e-01
4.941995739936828613e-01
5.715958476066589355e-01
6.486183404922485352e-01
2.885753512382507324e-01
7.521334886550903320e-01
9.952857494354248047e-01
6.520417928695678711e-01
6.754161119461059570e-01
2.982270717620849609e-01
6.655931472778320312e-01
9.109303355216979980e-01
9.998741149902343750e-01
9.049301147460937500e-01
9.831894636154174805e-01
7.802493572235107422e-01
6.768141388893127441e-01
7.196378111839294434e-01
6.377699375152587891e-01
6.065059304237365723e-01
8.894231915473937988e-01
9.469740986824035645e-01
6.792964339256286621e-01
8.124250173568725586e-01
9.397912025451660156e-01
9.278190135955810547e-01
2.836807966232299805e-01
6.299465894699096680e-01
5.502257347106933594e-01
5.242259502410888672e-01
9.996342658996582031e-01
5.461629629135131836e-01
6.855293512344360352e-01
6.641889810562133789e-01
8.860246539115905762e-01
3.157651722431182861e-01
6.198595762252807617e-01
4.396020770072937012e-01
8.093731999397277832e-01
8.083508014678955078e-01
6.736025214195251465e-01
7.096254825592041016e-01
8.146607279777526855e-01
7.748148441314697266e-01
2.041501253843307495e-01
7.011755704879760742e-01
2.662318646907806396e-01
4.174770414829254150e-01
6.480059623718261719e-01
4.169866442680358887e-01
4.395095109939575195e-01
1.104694306850433350e-01
2.836863398551940918e-01
8.138250112533569336e-01
4.663947820663452148e-01
4.673393964767456055e-01
3.917616009712219238e-01
9.295506477355957031e-01
5.860358476638793945e-01
6.528732776641845703e-01
5.432924255728721619e-02
6.247475147247314453e-01
4.193488955497741699e-01
5.280416011810302734e-01
3.330917358398437500e-01
4.402486681938171387e-01
8.717746734619140625e-01
8.947547674179077148e-01
7.983329892158508301e-01
1.366247236728668213e-01
7.919274568557739258e-01
4.754791259765625000e-01
5.809930562973022461e-01
5.585150718688964844e-01
9.990056753158569336e-01
5.635747909545898438e-01
8.969911932945251465e-01
7.373498678207397461e-01
8.852967619895935059e-01
3.615866601467132568e-01
7.189890742301940918e-01
5.314533710479736328e-01
9.650232791900634766e-01
9.729280471801757812e-01
9.608656167984008789e-01
9.204716682434082031e-01
1.407502405345439911e-02
1.793797612190246582e-01
8.295600414276123047e-01
2.525276541709899902e-01
7.056583762168884277e-01
3.235314488410949707e-01
1.268057525157928467e-01
4.990964196622371674e-03
9.602067470550537109e-01
9.179856181144714355e-01
2.953808307647705078e-01
8.512340784072875977e-01
7.451182603836059570e-01
2.546544075012207031e-01
7.943716645240783691e-01
9.769665598869323730e-01
2.300029695034027100e-01
4.173001646995544434e-01
2.627651691436767578e-01
4.561192393302917480e-01
1.055246293544769287e-01
6.226382851600646973e-01
6.452779173851013184e-01
7.513033151626586914e-01
5.870488286018371582e-01
7.031235694885253906e-01
5.619533658027648926e-01
2.471333742141723633e-01
8.533208370208740234e-01
9.999236464500427246e-01
1.444664448499679565e-01
9.929679036140441895e-01
8.004582524299621582e-01
9.198695421218872070e-01
5.763439536094665527e-01
4.958313107490539551e-01
6.200853586196899414e-01
9.102922081947326660e-01
9.835454225540161133e-01
3.368398845195770264e-01
8.339977860450744629e-01
6.296127438545227051e-01
1.006942093372344971e-01
9.129475951194763184e-01
1.396297216415405273e-01
9.952670335769653320e-01
2.514442801475524902e-01
4.775789082050323486e-01
5.250539183616638184e-01
2.504490315914154053e-01
7.030425220727920532e-02
8.306131362915039062e-01
9.078316688537597656e-01
2.487853169441223145e-01
3.308341503143310547e-01
6.716565042734146118e-02
2.874482870101928711e-01
7.289861142635345459e-02
6.636050939559936523e-01
2.591163516044616699e-01
2.404105812311172485e-01
1.747710853815078735e-01
9.055436849594116211e-01
4.631039202213287354e-01
1.656826436519622803e-01
6.999478340148925781e-01
7.322636842727661133e-01
7.324931025505065918e-01
6.420212388038635254e-01
3.361934050917625427e-02
2.167313992977142334e-01
7.365608811378479004e-01
4.029997885227203369e-01
7.293792963027954102e-01
8.085440397262573242e-01
8.769456148147583008e-01
3.676241636276245117e-01
3.374617397785186768e-01
9.070008993148803711e-01
3.879905939102172852e-01
3.576017022132873535e-01
3.274764120578765869e-01
3.987945318222045898e-01
3.345001339912414551e-01
5.116000175476074219e-01
5.244829654693603516e-01
4.559242129325866699e-01
2.714119255542755127e-01
4.755035042762756348e-01
8.529761433601379395e-01
5.600773096084594727e-01
4.844940602779388428e-01
1.049724072217941284e-01
4.112574160099029541e-01
8.646479845046997070e-01
3.594513535499572754e-01
2.251268625259399414e-01
6.850768327713012695e-01
3.901234567165374756e-01
