7.440724223852157593e-02
7.639533840119838715e-03
6.732623558491468430e-03
4.222428833600133657e-04
3.759643733501434326e-01
1.007023155689239502e-01
1.093173865228891373e-02
1.486792229115962982e-02
3.846303820610046387e-01
5.581362545490264893e-02
1.458007656037807465e-02
2.591970842331647873e-03
4.448408484458923340e-01
8.654808998107910156e-01
6.766812801361083984e-01
7.281342744827270508e-01
4.044073224067687988e-01
6.594682335853576660e-01
1.748217456042766571e-02
4.899931252002716064e-01
2.352866716682910919e-02
5.490636080503463745e-02
1.070087924599647522e-01
4.889843463897705078e-01
3.151628887280821800e-03
2.776724100112915039e-02
1.674625091254711151e-02
1.786149442195892334e-01
2.872004508972167969e-01
8.928906172513961792e-02
2.591774761676788330e-01
3.977460861206054688e-01
5.877958536148071289e-01
3.834510147571563721e-01
1.364517509937286377e-01
6.536613702774047852e-01
9.119750261306762695e-01
1.979423463344573975e-01
4.562391638755798340e-01
5.772228632849873975e-07
7.055423259735107422e-01
2.900505065917968750e-01
5.708849430084228516e-01
2.546702623367309570e-01
5.186746120452880859e-01
7.631802931427955627e-03
8.082023821771144867e-03
9.333309531211853027e-01
3.860858455300331116e-02
2.587873314041644335e-05
3.398540429770946503e-03
5.016937255859375000e-01
5.039046406745910645e-01
1.339536719024181366e-02
1.068163663148880005e-01
2.389855869114398956e-02
3.069564998149871826e-01
2.347188740968704224e-01
2.744856465142220259e-04
7.433567661792039871e-03
6.542963907122612000e-03
1.627145335078239441e-02
1.343153417110443115e-03
1.511648297309875488e-02
4.260268807411193848e-01
1.027886569499969482e-02
1.697021722793579102e-02
3.275915086269378662e-01
3.124604225158691406e-01
4.457162022590637207e-01
1.833963394165039062e-01
1.795707792043685913e-01
4.895811900496482849e-03
3.586514294147491455e-01
1.276369905099272728e-03
4.646711423993110657e-02
4.878541920334100723e-03
6.204146146774291992e-01
3.914742544293403625e-02
9.357862873002886772e-04
3.160294890403747559e-02
1.413645129650831223e-02
1.924257129430770874e-01
8.375284075736999512e-02
2.721181809902191162e-01
3.349542915821075439e-01
1.021973341703414917e-01
7.958714962005615234e-01
4.578472673892974854e-01
5.108602046966552734e-01
4.296211525797843933e-03
1.783773675560951233e-02
1.285449117422103882e-01
5.466447472572326660e-01
2.424906706437468529e-03
3.394080558791756630e-04
2.139172920578857884e-06
2.478373795747756958e-02
2.255977278764476068e-06
5.948352217674255371e-01
1.467967558710370213e-05
5.766280740499496460e-02
9.525587558746337891e-01
5.368345975875854492e-01
4.937563464045524597e-02
3.699044464156031609e-03
8.040983229875564575e-02
5.358322262763977051e-01
4.590241014957427979e-01
5.585402846336364746e-01
9.169563651084899902e-01
4.968399107456207275e-01
3.537107706069946289e-01
9.993656873703002930e-01
3.968963027000427246e-01
9.724689126014709473e-01
7.353626424446702003e-04
3.008748292922973633e-01
1.383232418447732925e-03
5.960099399089813232e-02
2.255091816186904907e-02
6.011199951171875000e-02
1.320868323091417551e-04
6.114707514643669128e-02
7.707144021987915039e-01
4.413080811500549316e-01
1.999511569738388062e-01
4.256685078144073486e-01
9.937252998352050781e-01
7.689219713211059570e-02
4.085650444030761719e-01
3.688655048608779907e-02
9.199136495590209961e-01
5.473838448524475098e-01
4.166858792304992676e-01
5.289534330368041992e-01
9.613716602325439453e-01
5.774123072624206543e-01
8.773282170295715332e-03
6.926168687641620636e-03
7.722439244389533997e-03
1.589857623912394047e-03
9.311193227767944336e-02
2.775889355689287186e-03
1.063840370625257492e-02
2.674065232276916504e-01
1.182998940348625183e-01
7.053527049720287323e-03
1.102013438940048218e-01
2.089943885803222656e-01
2.629878872539848089e-04
3.836608305573463440e-02
1.257087569683790207e-04
1.085982657968997955e-03
2.336337231099605560e-03
6.252121925354003906e-02
3.002721667289733887e-01
2.384983003139495850e-02
1.183107728138566017e-03
4.976523295044898987e-02
5.272220373153686523e-01
1.957688666880130768e-02
2.063439190387725830e-01
5.761256441473960876e-02
8.811331987380981445e-01
1.537959873676300049e-01
5.061804056167602539e-01
2.262735962867736816e-01
3.172946721315383911e-02
9.376599788665771484e-01
2.823157310485839844e-01
4.038250539451837540e-03
5.172561109066009521e-02
6.677852571010589600e-02
4.718835931271314621e-03
1.536189951002597809e-02
8.705929517745971680e-01
3.016949072480201721e-02
5.840459838509559631e-03
4.015991687774658203e-01
8.341757347807288170e-05
5.648741722106933594e-01
5.681676557287573814e-04
1.197095513343811035e-01
1.043144986033439636e-02
8.075438439846038818e-03
1.845117658376693726e-01
1.167044881731271744e-02
4.870651289820671082e-02
5.462053790688514709e-02
5.340636707842350006e-03
5.492087081074714661e-02
3.469462692737579346e-01
5.733150755986571312e-04
5.128327029524371028e-05
6.636459602304967120e-06
6.737518706358969212e-04
8.482266217470169067e-02
7.185355760157108307e-03
5.662701278924942017e-02
1.256070584058761597e-01
6.061925552785396576e-03
2.143183053249231307e-07
2.546066604554653168e-02
1.655454048886895180e-03
1.096909586340188980e-02
1.033972293953411281e-04
2.004406601190567017e-02
3.957780599594116211e-01
2.000864595174789429e-02
1.418891549110412598e-02
9.932992458343505859e-01
5.115814208984375000e-01
2.728230059146881104e-01
3.716985285282135010e-01
1.857906393706798553e-02
4.417390823364257812e-01
1.454053854104131460e-04
3.501897156238555908e-01
8.573922095820307732e-04
1.438219994306564331e-01
3.541278420016169548e-04
9.063584804534912109e-01
4.697995483875274658e-01
1.408422291278839111e-01
2.239828407764434814e-01
9.772597551345825195e-01
1.751880720257759094e-02
2.538966536521911621e-01
8.298601955175399780e-03
1.358795166015625000e-02
4.801254868507385254e-01
2.036892026662826538e-01
4.930458962917327881e-01
8.767499774694442749e-02
2.803876250982284546e-02
3.093975782394409180e-01
3.734330832958221436e-01
6.154157519340515137e-01
6.785864941775798798e-03
1.180693070637062192e-04
3.381722271442413330e-01
1.009582262486219406e-02
4.682962223887443542e-02
1.861376464366912842e-01
9.693202972412109375e-01
6.300435960292816162e-02
1.397270262241363525e-01
7.662339210510253906e-01
4.762964248657226562e-01
4.366122186183929443e-01
1.963071525096893311e-03
1.348057994619011879e-03
3.769930079579353333e-02
1.203685998916625977e-03
2.007732691708952188e-04
3.384381707292050123e-04
3.113548085093498230e-02
4.851612746715545654e-01
4.552402496337890625e-01
5.536767654120922089e-03
2.028224989771842957e-02
3.077284991741180420e-01
1.986497342586517334e-01
1.081861183047294617e-01
8.299546316266059875e-03
2.746904036030173302e-03
3.772528171539306641e-01
4.953463375568389893e-01
5.247402787208557129e-01
5.344303846359252930e-01
7.099193334579467773e-01
7.825714349746704102e-01
8.943839073181152344e-01
2.220849543809890747e-01
1.856866991147398949e-03
7.733821985311806202e-04
5.991971492767333984e-02
4.735232517123222351e-02
2.481237426400184631e-02
2.053121328353881836e-01
1.048990041017532349e-01
1.075556874275207520e-02
1.826593838632106781e-02
1.067497488111257553e-02
8.526749610900878906e-01
3.631822066381573677e-03
4.759137332439422607e-02
2.487636543810367584e-02
2.538895905017852783e-01
2.868087589740753174e-01
7.674947977066040039e-01
1.192184444516897202e-02
3.964699506759643555e-01
8.795531988143920898e-01
1.624870598316192627e-01
7.896758317947387695e-01
1.739224940538406372e-01
9.725193381309509277e-01
9.716237783432006836e-01
2.211297601461410522e-01
7.824451327323913574e-01
4.600081145763397217e-01
2.163511812686920166e-01
9.726792573928833008e-01
5.428080558776855469e-01
3.846924006938934326e-02
1.438470184803009033e-01
9.548009932041168213e-02
3.143625333905220032e-02
2.659742161631584167e-02
1.625044941902160645e-01
1.867130771279335022e-02
4.772107005119323730e-01
1.551299095153808594e-01
1.226291060447692871e-01
2.924124710261821747e-02
1.867353543639183044e-02
2.037712186574935913e-01
2.196443711000028998e-05
2.470044493675231934e-01
4.335315432399511337e-03
4.285292699933052063e-02
8.544746637344360352e-01
7.315825223922729492e-01
1.829974651336669922e-01
8.950932025909423828e-01
2.005561441183090210e-01
4.162620306015014648e-01
5.021724547304984299e-08
4.268849268555641174e-02
4.756469479616498575e-06
9.722840785980224609e-01
2.236775904893875122e-01
4.816383123397827148e-01
7.482289671897888184e-01
5.130420923233032227e-01
2.044321037828922272e-03
4.159534573554992676e-01
9.164824485778808594e-01
4.076464176177978516e-01
1.875405199825763702e-02
6.489672698080539703e-03
3.016243316233158112e-02
1.293758768588304520e-02
2.742544934153556824e-02
7.008731365203857422e-01
6.478800773620605469e-01
4.503953456878662109e-01
3.125307559967041016e-01
4.473691582679748535e-01
2.716029882431030273e-01
5.251048207283020020e-01
4.755185544490814209e-01
2.638641279190778732e-03
5.325571820139884949e-02
3.142385184764862061e-02
3.671662807464599609e-01
5.761182308197021484e-01
8.686273358762264252e-03
5.359062924981117249e-03
2.999603282660245895e-03
4.342301189899444580e-02
6.013276986777782440e-03
8.547771722078323364e-04
8.341781795024871826e-02
7.701081782579421997e-02
5.129615962505340576e-02
4.048535227775573730e-02
5.288144201040267944e-02
1.905259862542152405e-02
9.985393285751342773e-01
5.244927406311035156e-01
4.603210836648941040e-03
5.574092864990234375e-01
8.831393718719482422e-01
2.306107282638549805e-01
2.535918951034545898e-01
9.328185766935348511e-02
3.648371249437332153e-02
4.312414228916168213e-01
5.910532921552658081e-02
1.917192153632640839e-02
3.343976661562919617e-02
4.033471643924713135e-01
4.905183017253875732e-01
9.220335632562637329e-02
6.011795252561569214e-02
1.650128215551376343e-01
9.649054706096649170e-02
8.521020412445068359e-03
8.827523887157440186e-02
9.305605781264603138e-04
4.170952737331390381e-01
1.529135555028915405e-01
7.315508127212524414e-01
3.446948155760765076e-02
4.748278558254241943e-01
7.825049757957458496e-02
7.237944602966308594e-01
1.291218400001525879e-01
4.944230313412845135e-04
5.127440206706523895e-03
7.985100382938981056e-04
9.067039936780929565e-03
1.942728832364082336e-02
2.284767106175422668e-03
2.947460860013961792e-03
1.635024696588516235e-01
9.647916303947567940e-04
3.001691657118499279e-04
2.265802025794982910e-01
1.749823987483978271e-02
8.369607925415039062e-01
6.448876857757568359e-01
5.034718513488769531e-01
2.788874693214893341e-02
1.412549912929534912e-01
9.385120868682861328e-01
2.802372677251696587e-03
6.536278873682022095e-03
1.580844447016716003e-02
1.759527064859867096e-02
5.293425172567367554e-03
1.568796485662460327e-02
1.653945595026016235e-01
2.322830557823181152e-01
1.140065044164657593e-01
4.090612530708312988e-01
5.294957756996154785e-01
2.432736605405807495e-01
4.587548971176147461e-02
1.145247183740139008e-02
1.245080679655075073e-02
1.337888184934854507e-02
6.745946593582630157e-03
4.740216769278049469e-03
2.420649677515029907e-02
4.623772576451301575e-02
5.640104413032531738e-01
3.245302941650152206e-04
1.426038096496995422e-07
1.312016308929742081e-07
8.596597909927368164e-01
5.085792541503906250e-01
4.227855205535888672e-01
5.201228857040405273e-01
1.467241644859313965e-01
7.030267119407653809e-01
8.222717046737670898e-01
6.534891128540039062e-01
5.732118487358093262e-01
5.408349037170410156e-01
7.641407251358032227e-01
6.440067291259765625e-01
3.930132091045379639e-02
1.291034072637557983e-01
2.328949421644210815e-02
1.525125652551651001e-01
5.608765641227364540e-04
1.530838571488857269e-02
3.786957263946533203e-01
7.542124390602111816e-01
1.445564627647399902e-01
4.078537970781326294e-02
4.781773388385772705e-01
1.349818110466003418e-01
1.859949668869376183e-03
8.058793544769287109e-01
7.125143706798553467e-02
1.686749397777020931e-03
4.827420227229595184e-03
2.721621887758374214e-03
6.274110823869705200e-02
9.903854131698608398e-01
9.559540748596191406e-01
8.105869293212890625e-01
9.784168004989624023e-01
6.793220043182373047e-01
7.552827242761850357e-03
3.307989537715911865e-01
3.008679952472448349e-03
7.749364376068115234e-01
1.927641779184341431e-01
3.444290757179260254e-01
1.595432497560977936e-02
3.639906048774719238e-01
5.124388933181762695e-01
1.629511117935180664e-01
1.424145847558975220e-01
2.859102487564086914e-01
7.498371414840221405e-03
1.814904436469078064e-02
7.498278021812438965e-01
4.632003307342529297e-01
6.760149002075195312e-01
2.183166146278381348e-01
1.822430081665515900e-02
2.009320072829723358e-02
7.094571739435195923e-02
8.843790739774703979e-03
1.800600066781044006e-02
1.890077401185408235e-04
1.619778275489807129e-01
2.986599802970886230e-01
5.785117149353027344e-01
9.629595875740051270e-01
2.962736189365386963e-01
6.760755181312561035e-02
7.520937360823154449e-04
2.492695115506649017e-03
8.390796720050275326e-04
8.503726720809936523e-01
1.575312614440917969e-01
1.502421946497634053e-05
4.527643322944641113e-01
1.511459648609161377e-01
9.888339554890990257e-04
3.466217312961816788e-04
7.034061104059219360e-02
2.886934578418731689e-01
5.186132038943469524e-04
8.346273303031921387e-01
3.120799316093325615e-03
2.193410843610763550e-01
2.767582889646291733e-03
2.796903550624847412e-01
5.622743174171773717e-06
1.560740545392036438e-02
6.779457351058226777e-08
4.317641923989867792e-07
7.051025051623582840e-03
3.045953917535371147e-06
5.411680936813354492e-01
2.611359953880310059e-01
6.236630678176879883e-01
4.080846905708312988e-01
8.437953591346740723e-01
9.676620364189147949e-01
1.269438304007053375e-02
3.645794391632080078e-01
1.065412908792495728e-02
6.946671055629849434e-04
1.223621219396591187e-01
1.295177731662988663e-02
7.773153781890869141e-01
3.253369504818692803e-05
2.540301159024238586e-02
3.371496131876483560e-05
8.386801928281784058e-03
4.451616853475570679e-02
6.950599700212478638e-02
1.707961084321141243e-03
1.630130968987941742e-02
4.254908114671707153e-02
4.570421874523162842e-01
3.264338970184326172e-01
1.912763528525829315e-02
4.427000880241394043e-01
1.908799633383750916e-02
1.575119607150554657e-02
1.594287343323230743e-02
1.937977075576782227e-01
2.860159873962402344e-01
1.127205439843237400e-03
1.483865641057491302e-02
7.238427642732858658e-03
3.580988049507141113e-01
1.027495115995407104e-01
6.091927736997604370e-02
1.288165897130966187e-01
9.053213894367218018e-02
3.591206669807434082e-01
3.148412704467773438e-01
4.304489120841026306e-02
9.152750968933105469e-01
9.627997875213623047e-03
5.662166327238082886e-02
7.623261213302612305e-02
3.532335907220840454e-02
3.991669473180081695e-06
9.696399793028831482e-04
3.481227904558181763e-03
8.589787483215332031e-01
1.774087548255920410e-02
5.384184792637825012e-02
1.040350086987018585e-02
1.010404974222183228e-01
7.182689011096954346e-02
1.326874792575836182e-01
5.824398398399353027e-01
2.198292315006256104e-01
1.436537355184555054e-01
9.560593366622924805e-01
9.807258844375610352e-02
1.343169063329696655e-01
9.328465908765792847e-02
4.580757766962051392e-02
1.882267743349075317e-02
9.742504954338073730e-01
9.758329391479492188e-01
6.928861141204833984e-01
9.995042085647583008e-01
7.898538559675216675e-02
9.866648912429809570e-01
9.218657016754150391e-01
2.566536664962768555e-01
4.168917536735534668e-01
5.076801180839538574e-01
1.808313536457717419e-04
1.679177582263946533e-01
9.987515211105346680e-01
9.999208450317382812e-01
8.084271550178527832e-01
9.888868331909179688e-01
4.317817687988281250e-01
4.698461592197418213e-01
9.895126819610595703e-01
9.873764514923095703e-01
8.078066706657409668e-01
8.999739885330200195e-01
9.968624114990234375e-01
8.049837946891784668e-01
9.999983906745910645e-01
9.990004301071166992e-01
9.985699653625488281e-01
9.993231296539306641e-01
9.998764991760253906e-01
9.972052574157714844e-01
5.041964650154113770e-01
5.890161395072937012e-01
9.976727962493896484e-01
3.617104291915893555e-01
3.297075629234313965e-02
5.563539862632751465e-01
9.998227357864379883e-01
6.321405768394470215e-01
9.652073979377746582e-01
9.794895648956298828e-01
9.997326135635375977e-01
9.960927963256835938e-01
9.982964992523193359e-01
9.999248385429382324e-01
9.997065663337707520e-01
8.455740809440612793e-01
9.976930618286132812e-01
6.690897941589355469e-01
2.352764010429382324e-01
7.424905300140380859e-01
1.225216388702392578e-01
8.972193002700805664e-01
7.681677341461181641e-01
6.115371584892272949e-01
9.742029905319213867e-01
8.791821002960205078e-01
6.509215831756591797e-01
4.202952384948730469e-01
9.946985840797424316e-01
7.030469179153442383e-01
8.361293077468872070e-01
9.978674054145812988e-01
9.832903146743774414e-01
9.982857704162597656e-01
4.136602282524108887e-01
9.998068809509277344e-01
9.999669790267944336e-01
9.000588655471801758e-01
5.055843591690063477e-01
6.094808578491210938e-01
9.999816417694091797e-01
8.161438107490539551e-01
9.467298388481140137e-01
9.582902193069458008e-01
9.110233783721923828e-01
9.906045198440551758e-01
8.711177110671997070e-01
9.750800132751464844e-01
4.993860721588134766e-01
7.229871749877929688e-01
9.989848136901855469e-01
4.008920490741729736e-01
2.172566764056682587e-02
9.652545452117919922e-01
9.952751398086547852e-01
5.413605570793151855e-01
7.112820148468017578e-01
9.995038509368896484e-01
9.660251140594482422e-01
9.293147325515747070e-01
9.990239143371582031e-01
6.194154620170593262e-01
7.163755297660827637e-01
9.010935425758361816e-01
9.869841337203979492e-01
9.615208506584167480e-01
6.677231192588806152e-01
8.423040509223937988e-01
9.227855205535888672e-01
8.300465941429138184e-01
9.514298439025878906e-01
4.135880470275878906e-01
3.752111271023750305e-02
1.249726861715316772e-02
7.700070738792419434e-01
2.085396554321050644e-03
1.685785055160522461e-01
4.413447976112365723e-01
5.407667160034179688e-01
9.206022024154663086e-01
4.163600504398345947e-01
3.814563453197479248e-01
9.331156015396118164e-01
9.726283550262451172e-01
9.284678697586059570e-01
4.979943633079528809e-01
3.418052494525909424e-01
6.807598471641540527e-01
9.937931299209594727e-01
1.096996515989303589e-01
9.536874890327453613e-01
9.890449643135070801e-01
9.966492652893066406e-01
9.523619413375854492e-01
9.957250356674194336e-01
9.263945221900939941e-01
5.492285266518592834e-02
7.334194779396057129e-01
7.586534023284912109e-01
9.911497831344604492e-01
8.215188980102539062e-01
8.968695998191833496e-01
9.802158474922180176e-01
2.669841349124908447e-01
5.273721218109130859e-01
9.807264208793640137e-01
3.909943401813507080e-01
5.909693837165832520e-01
9.795312285423278809e-01
9.999442100524902344e-01
9.992069005966186523e-01
9.960719347000122070e-01
9.863405227661132812e-01
9.995560646057128906e-01
2.418373972177505493e-01
6.112952828407287598e-01
9.748188257217407227e-01
7.765420675277709961e-01
9.966819286346435547e-01
9.575328826904296875e-01
2.195354085415601730e-03
4.651433825492858887e-01
7.442249059677124023e-01
9.447606801986694336e-01
8.604664206504821777e-01
2.366900742053985596e-01
9.990592002868652344e-01
9.873678684234619141e-01
9.999811649322509766e-01
9.496012926101684570e-01
9.036887884140014648e-01
9.506809115409851074e-01
3.821262717247009277e-01
8.072748184204101562e-01
2.679384648799896240e-01
6.506274938583374023e-01
5.822946429252624512e-01
8.519300222396850586e-01
8.611888885498046875e-01
6.365352869033813477e-02
9.717910885810852051e-01
3.280704617500305176e-01
9.182447195053100586e-01
9.857145547866821289e-01
9.721695184707641602e-01
7.755765914916992188e-01
9.886171817779541016e-01
9.064788222312927246e-01
9.346890449523925781e-01
5.389195084571838379e-01
8.661218881607055664e-01
9.981484413146972656e-01
3.372588753700256348e-01
9.990773797035217285e-01
9.994499683380126953e-01
6.198352575302124023e-01
9.921393394470214844e-01
9.309913516044616699e-01
9.945329427719116211e-01
3.795927762985229492e-01
9.576576948165893555e-01
8.014295101165771484e-01
9.528947472572326660e-01
2.824768424034118652e-01
9.045760631561279297e-01
9.417697191238403320e-01
9.240983724594116211e-01
9.646853208541870117e-01
9.938081502914428711e-01
5.007787346839904785e-01
9.890548586845397949e-01
7.456881999969482422e-01
7.760510444641113281e-01
5.260725617408752441e-01
4.960867166519165039e-01
9.966295957565307617e-01
5.975005626678466797e-01
4.913482069969177246e-01
7.200247049331665039e-01
9.940461516380310059e-01
9.763429164886474609e-01
9.981499314308166504e-01
6.812187433242797852e-01
7.818617820739746094e-01
9.958763122558593750e-01
4.463429450988769531e-01
4.689914882183074951e-01
5.276337265968322754e-01
7.957255840301513672e-01
9.950412511825561523e-01
8.217590451240539551e-01
4.747850000858306885e-01
9.720406532287597656e-01
1.243039071559906006e-01
7.339507341384887695e-01
6.342525482177734375e-01
9.888689517974853516e-01
7.862116098403930664e-01
6.550167202949523926e-01
9.981234073638916016e-01
8.562877178192138672e-01
9.880268573760986328e-01
9.974439144134521484e-01
3.207693099975585938e-01
5.929376929998397827e-02
9.438803195953369141e-01
9.899495840072631836e-01
9.999613761901855469e-01
9.946056604385375977e-01
9.999966621398925781e-01
4.338343441486358643e-01
9.988201856613159180e-01
9.712363481521606445e-01
9.693984985351562500e-01
9.981266260147094727e-01
8.421439528465270996e-01
9.969351291656494141e-01
6.446990370750427246e-01
9.960243701934814453e-01
8.330487012863159180e-01
6.713140606880187988e-01
6.423696279525756836e-01
9.291311502456665039e-01
9.005270600318908691e-01
2.138497084379196167e-01
5.331838130950927734e-01
4.442540407180786133e-01
7.360159605741500854e-02
9.989466667175292969e-01
9.998724460601806641e-01
9.998264908790588379e-01
9.956166148185729980e-01
9.552412629127502441e-01
9.319328665733337402e-01
9.791184216737747192e-02
9.867532849311828613e-01
9.125494360923767090e-01
9.735524654388427734e-01
4.912222623825073242e-01
2.423558086156845093e-01
3.321720063686370850e-01
4.995137751102447510e-01
4.819802641868591309e-01
1.541924327611923218e-01
9.960117340087890625e-01
1.729726791381835938e-02
7.741774320602416992e-01
7.995916008949279785e-01
5.713524222373962402e-01
5.207691192626953125e-01
7.386679649353027344e-01
6.842173933982849121e-01
9.791068434715270996e-01
9.926991462707519531e-01
9.987881183624267578e-01
8.330720663070678711e-01
8.920896053314208984e-01
8.474954366683959961e-01
9.218460917472839355e-01
5.564068555831909180e-01
9.872857332229614258e-01
5.115277171134948730e-01
6.536387205123901367e-01
5.000416636466979980e-01
2.688507139682769775e-01
1.887823939323425293e-01
4.307562708854675293e-01
7.742810249328613281e-01
6.148855686187744141e-01
3.630583882331848145e-01
9.398977756500244141e-01
9.825624227523803711e-01
8.560000658035278320e-01
9.874485731124877930e-01
9.975312948226928711e-01
9.999680519104003906e-01
1.860400103032588959e-02
1.711326837539672852e-02
5.123893916606903076e-02
9.474343061447143555e-01
5.084196850657463074e-02
9.932395219802856445e-01
8.747212290763854980e-01
9.999904632568359375e-01
9.998806715011596680e-01
9.998992681503295898e-01
9.994236230850219727e-01
9.985951185226440430e-01
4.480576515197753906e-01
5.621983408927917480e-01
8.522387742996215820e-01
7.546947598457336426e-01
9.968118667602539062e-01
9.838486909866333008e-01
9.974392652511596680e-01
9.346457719802856445e-01
9.628458023071289062e-01
9.980298876762390137e-01
8.683483600616455078e-01
8.803080320358276367e-01
9.971634745597839355e-01
9.895960092544555664e-01
9.852485656738281250e-01
9.989464282989501953e-01
8.899126052856445312e-01
9.950828552246093750e-01
7.631008625030517578e-01
8.431627750396728516e-01
9.582579135894775391e-01
6.011696159839630127e-02
8.482993841171264648e-01
9.755448102951049805e-01
9.004558920860290527e-01
8.187398910522460938e-01
5.843155980110168457e-01
8.479917645454406738e-01
8.775234818458557129e-01
9.934127926826477051e-01
9.956803917884826660e-01
9.931852817535400391e-01
9.952483177185058594e-01
9.998786449432373047e-01
9.999941587448120117e-01
9.971625804901123047e-01
8.186804056167602539e-01
9.891451597213745117e-01
8.823211193084716797e-01
5.131949186325073242e-01
3.909862637519836426e-01
8.901555538177490234e-01
9.999937415122985840e-01
4.747391939163208008e-01
9.942569732666015625e-01
9.970875978469848633e-01
8.843234777450561523e-01
3.783463537693023682e-01
9.702444076538085938e-01
4.602404832839965820e-01
9.855053424835205078e-01
9.831981658935546875e-01
8.534209728240966797e-01
9.317615628242492676e-01
8.965306282043457031e-01
8.032689094543457031e-01
9.500272274017333984e-01
6.368916034698486328e-01
5.985091328620910645e-01
1.686899065971374512e-01
7.618678808212280273e-01
9.954528808593750000e-01
8.502964973449707031e-01
9.930125474929809570e-01
4.971110820770263672e-01
9.744943976402282715e-01
1.527677010744810104e-02
1.627055108547210693e-01
2.935723066329956055e-01
2.725125253200531006e-01
9.794123172760009766e-01
4.241536855697631836e-01
3.290282189846038818e-01
6.496330350637435913e-02
6.184074878692626953e-01
4.035699367523193359e-01
2.951683998107910156e-01
9.710323810577392578e-01
9.948464035987854004e-01
9.893966317176818848e-01
5.856122374534606934e-01
9.127100706100463867e-01
7.824388742446899414e-01
9.242857694625854492e-01
9.641797542572021484e-01
9.905102252960205078e-01
9.950679540634155273e-01
9.806871414184570312e-01
9.927715063095092773e-01
9.996299743652343750e-01
2.055443972349166870e-01
2.076079398393630981e-01
5.214447975158691406e-01
7.948648929595947266e-01
9.377174377441406250e-01
9.519410133361816406e-01
9.958816766738891602e-01
9.999467730522155762e-01
9.980274438858032227e-01
8.489741086959838867e-01
9.999511837959289551e-01
2.653588950634002686e-01
9.992499947547912598e-01
9.991739392280578613e-01
9.906641244888305664e-01
9.999979734420776367e-01
9.815425872802734375e-01
6.096984148025512695e-01
7.399348616600036621e-01
9.988343715667724609e-01
9.764955639839172363e-01
9.132191538810729980e-01
9.825615882873535156e-01
9.999604225158691406e-01
9.734661579132080078e-01
6.869884729385375977e-01
4.136222898960113525e-01
8.965150117874145508e-01
1.083964928984642029e-01
1.406032443046569824e-01
9.370043277740478516e-01
7.035859227180480957e-01
5.079631209373474121e-01
7.453079819679260254e-01
9.851067066192626953e-01
9.841266870498657227e-01
5.161675810813903809e-01
1.000000000000000000e+00
6.278060674667358398e-01
7.347665727138519287e-03
8.894250988960266113e-01
1.124565899372100830e-01
9.608815312385559082e-01
9.449657201766967773e-01
6.905180811882019043e-01
9.779706001281738281e-01
9.195835590362548828e-01
9.999020099639892578e-01
9.645206928253173828e-01
9.910205602645874023e-01
3.828196600079536438e-02
9.649291038513183594e-01
9.995462298393249512e-01
9.995810389518737793e-01
9.298493862152099609e-01
9.748029708862304688e-01
8.912299871444702148e-01
9.955880045890808105e-01
9.928065538406372070e-01
9.988711476325988770e-01
6.456037759780883789e-01
9.712542295455932617e-01
9.162517189979553223e-01
3.000921197235584259e-02
8.484697341918945312e-01
8.101316690444946289e-01
9.820752143859863281e-01
9.922318458557128906e-01
9.994210004806518555e-01
9.992289543151855469e-01
9.976516962051391602e-01
9.994012713432312012e-01
6.987970471382141113e-01
5.435127019882202148e-01
8.342596292495727539e-01
5.241743475198745728e-02
4.599534571170806885e-01
9.781706333160400391e-01
9.393119215965270996e-01
6.159859895706176758e-01
6.505323052406311035e-01
4.623093008995056152e-01
9.998573064804077148e-01
9.558558464050292969e-01
9.999219775199890137e-01
7.718946933746337891e-01
5.235166549682617188e-01
5.925340652465820312e-01
8.888959288597106934e-01
8.975273370742797852e-01
7.154055833816528320e-01
9.463622570037841797e-01
7.460557222366333008e-01
9.609205722808837891e-01
2.159631848335266113e-01
4.807402193546295166e-01
9.000159502029418945e-01
9.883036613464355469e-01
6.098880767822265625e-01
7.498376369476318359e-01
6.291489303112030029e-02
9.973611831665039062e-01
9.233535528182983398e-01
9.825801253318786621e-01
9.997418522834777832e-01
9.956816434860229492e-01
8.173048496246337891e-01
9.990942478179931641e-01
8.620905876159667969e-01
2.125844359397888184e-01
6.689966917037963867e-01
7.351576685905456543e-01
8.277503252029418945e-01
4.231159090995788574e-01
4.715307056903839111e-01
6.689813733100891113e-01
5.152295231819152832e-01
6.380293369293212891e-01
2.030763775110244751e-01
8.088529109954833984e-01
9.881279468536376953e-01
9.929122924804687500e-01
9.969065189361572266e-01
5.718916654586791992e-01
9.634351730346679688e-01
6.416288018226623535e-01
9.917577505111694336e-01
9.944475889205932617e-01
9.999538660049438477e-01
9.938447475433349609e-01
9.988042116165161133e-01
9.500194787979125977e-01
9.863132238388061523e-01
9.779766798019409180e-01
9.996596574783325195e-01
9.234532117843627930e-01
4.017434120178222656e-01
7.187367677688598633e-01
9.913654923439025879e-01
9.999482035636901855e-01
9.999433159828186035e-01
9.782114028930664062e-01
9.996134042739868164e-01
8.413352370262145996e-01
9.435312747955322266e-01
9.988863468170166016e-01
9.998679161071777344e-01
9.999102354049682617e-01
6.717982292175292969e-01
9.261920452117919922e-01
7.206489145755767822e-02
3.761884272098541260e-01
2.695665135979652405e-02
5.723103880882263184e-01
2.475367337465286255e-01
7.655827999114990234e-01
9.651535749435424805e-01
9.998186230659484863e-01
9.999212026596069336e-01
9.994652867317199707e-01
9.925540089607238770e-01
9.999953508377075195e-01
8.456427454948425293e-01
8.045254945755004883e-01
2.693030536174774170e-01
1.706833541393280029e-01
5.359825491905212402e-01
4.791141450405120850e-01
3.936344683170318604e-01
9.740420579910278320e-01
5.374493002891540527e-01
9.973696470260620117e-01
9.964535832405090332e-01
9.970996379852294922e-01
6.380078792572021484e-01
1.009846776723861694e-01
1.232943218201398849e-02
9.985895156860351562e-01
5.548907518386840820e-01
1.109781786799430847e-01
5.793091654777526855e-01
6.825685501098632812e-01
5.715700984001159668e-01
9.024279713630676270e-01
8.700113892555236816e-01
9.515923857688903809e-01
2.491010129451751709e-01
5.366546511650085449e-01
5.315229296684265137e-01
7.326860427856445312e-01
9.162606000900268555e-01
7.243151217699050903e-02
