1.071657538414001465e-01
2.634137868881225586e-01
4.877044856548309326e-01
1.643871963024139404e-01
4.167589172720909119e-02
2.851898670196533203e-01
2.885570824146270752e-01
5.903315544128417969e-02
4.207895100116729736e-01
1.153410151600837708e-01
1.628464162349700928e-01
3.199352025985717773e-01
2.927513606846332550e-02
2.843595445156097412e-01
3.691009283065795898e-01
2.084150910377502441e-01
2.136824093759059906e-02
6.868662834167480469e-01
8.788503408432006836e-01
5.453557968139648438e-01
1.086990311741828918e-01
1.215589940547943115e-01
5.035209283232688904e-02
4.956988990306854248e-01
1.815254837274551392e-01
1.032810360193252563e-01
2.119929194450378418e-01
1.291637215763330460e-02
2.043209820985794067e-01
2.919241189956665039e-01
4.641423746943473816e-02
4.730904940515756607e-03
5.769970268011093140e-02
3.801755011081695557e-01
4.685594439506530762e-01
7.259494066238403320e-02
7.946051657199859619e-02
1.925273239612579346e-01
7.745291292667388916e-02
6.335645169019699097e-02
7.305809259414672852e-01
2.644808888435363770e-01
4.331910908222198486e-01
7.271296977996826172e-01
9.565782546997070312e-01
2.735715508460998535e-01
1.403650641441345215e-01
4.094383418560028076e-01
3.226426839828491211e-01
6.297266483306884766e-01
5.996433496475219727e-01
4.150537848472595215e-01
6.206801533699035645e-01
6.560539603233337402e-01
5.142287611961364746e-01
4.685464799404144287e-01
4.499550461769104004e-01
3.860603570938110352e-01
3.926836252212524414e-01
4.590312838554382324e-01
3.034626543521881104e-01
2.185396105051040649e-01
5.826805233955383301e-01
4.642052948474884033e-01
3.310937285423278809e-01
9.960062056779861450e-02
3.169400095939636230e-01
2.061934769153594971e-01
3.759918212890625000e-01
4.357780814170837402e-01
3.871326148509979248e-01
5.176170468330383301e-01
3.562727868556976318e-01
6.424368619918823242e-01
4.610278606414794922e-01
4.114903211593627930e-01
5.428174734115600586e-01
7.924062013626098633e-02
3.491702675819396973e-01
3.414228856563568115e-01
3.067921698093414307e-01
5.255609005689620972e-02
3.648899495601654053e-01
1.359482705593109131e-01
1.091313958168029785e-01
1.435019355267286301e-02
2.129834443330764771e-01
2.896504402160644531e-01
6.330727785825729370e-02
2.500024139881134033e-01
1.404626667499542236e-01
3.712693750858306885e-01
3.329836726188659668e-01
1.928568333387374878e-01
5.834226608276367188e-01
4.101073145866394043e-01
1.173641253262758255e-02
1.676408797502517700e-01
2.183372527360916138e-01
3.208170235157012939e-01
8.783356845378875732e-02
2.525972127914428711e-01
3.263863921165466309e-01
8.995781093835830688e-02
3.834488987922668457e-01
5.490902066230773926e-01
5.379939079284667969e-01
1.776918321847915649e-01
4.510351419448852539e-01
5.777715444564819336e-01
4.454898238182067871e-01
3.877086341381072998e-01
5.791533589363098145e-01
4.719476103782653809e-01
4.736171662807464600e-01
3.443681001663208008e-01
1.618655472993850708e-01
6.664978861808776855e-01
1.628298050491139293e-04
2.098222728818655014e-03
6.114038079977035522e-02
3.819183257292024791e-05
1.852122833952307701e-03
4.906226992607116699e-01
3.967006802558898926e-01
7.400301694869995117e-01
5.510604381561279297e-01
5.790172785680169909e-10
4.431224169820779935e-07
4.502968117594718933e-02
2.193195223808288574e-01
1.575344949960708618e-01
3.909223377704620361e-01
5.197139978408813477e-01
1.471535116434097290e-01
3.531028926372528076e-01
4.526866972446441650e-02
1.394281387329101562e-01
1.339210867881774902e-01
3.545996546745300293e-02
6.455007791519165039e-01
2.587248384952545166e-01
3.063314557075500488e-01
5.387072563171386719e-01
4.468244314193725586e-01
3.872767835855484009e-02
1.745081096887588501e-01
3.004452884197235107e-01
6.150724887847900391e-01
2.816189229488372803e-01
3.655530810356140137e-01
6.826038956642150879e-01
4.634408056735992432e-01
5.260924696922302246e-01
5.703474581241607666e-02
8.031626939773559570e-01
2.268591672182083130e-01
9.010858833789825439e-02
4.738502800464630127e-01
6.837080717086791992e-01
3.223628178238868713e-02
1.592583954334259033e-01
3.508225381374359131e-01
2.409390509128570557e-01
1.378114521503448486e-02
2.639585435390472412e-01
2.673422098159790039e-01
1.642648875713348389e-02
3.236635029315948486e-01
5.514550209045410156e-01
2.933357357978820801e-01
6.670138239860534668e-01
6.111614108085632324e-01
5.855998992919921875e-01
1.958402097225189209e-01
3.216429352760314941e-01
4.661149978637695312e-01
3.177214264869689941e-01
5.143237709999084473e-01
4.548112750053405762e-01
1.485651582479476929e-01
7.227437496185302734e-01
3.328036367893218994e-01
1.567655242979526520e-02
3.564388751983642578e-01
3.704989850521087646e-01
1.642663180828094482e-01
1.023804321885108948e-01
4.301362633705139160e-01
3.366565108299255371e-01
3.598954081535339355e-01
1.721147149801254272e-01
1.916404366493225098e-01
7.838445156812667847e-02
6.234276294708251953e-02
1.074243485927581787e-01
9.714841842651367188e-03
3.391832411289215088e-01
6.901767253875732422e-01
1.784271746873855591e-01
2.154001742601394653e-01
3.260791534557938576e-03
2.865509390830993652e-01
2.879286706447601318e-01
6.283988803625106812e-02
3.244093954563140869e-01
1.946770548820495605e-01
6.029480695724487305e-02
2.169656902551651001e-01
4.793361723423004150e-01
1.800772547721862793e-01
5.321699380874633789e-01
5.215108394622802734e-01
3.767497241497039795e-01
9.687916934490203857e-02
6.798896193504333496e-02
1.671280711889266968e-01
4.999446272850036621e-01
2.368349134922027588e-01
2.354798316955566406e-01
2.554160654544830322e-01
6.958138942718505859e-01
2.286126911640167236e-01
5.491003394126892090e-02
5.653602536767721176e-03
9.345515370368957520e-01
2.993524968624114990e-01
1.032328158617019653e-01
6.071120500564575195e-01
2.955221757292747498e-02
1.865384578704833984e-01
8.309275507926940918e-01
3.792530596256256104e-01
6.584146618843078613e-01
3.717896640300750732e-01
4.143467545509338379e-02
2.117406278848648071e-01
2.287525311112403870e-02
6.220283508300781250e-01
5.327177047729492188e-01
4.145391583442687988e-01
8.585476875305175781e-02
3.611459434032440186e-01
1.853643357753753662e-01
2.648360133171081543e-01
6.611030697822570801e-01
4.785695075988769531e-01
3.460646867752075195e-01
3.420317173004150391e-01
9.844680875539779663e-02
3.389047682285308838e-01
5.636795163154602051e-01
3.581764698028564453e-01
4.869722127914428711e-01
7.133535146713256836e-01
1.889372467994689941e-01
4.747372269630432129e-01
5.249003767967224121e-01
2.362515628337860107e-01
1.933694444596767426e-02
4.223872423171997070e-01
1.530593261122703552e-02
3.250812888145446777e-01
2.960501313209533691e-01
7.893052697181701660e-02
3.928642570972442627e-01
2.735772132873535156e-01
3.191043734550476074e-01
5.138199776411056519e-02
1.226328536868095398e-01
4.455487430095672607e-02
4.147164523601531982e-02
3.087810873985290527e-01
3.004907369613647461e-01
1.508999615907669067e-01
4.056337475776672363e-02
8.642109110951423645e-03
2.171708084642887115e-02
5.416580438613891602e-01
1.571953594684600830e-01
3.541185855865478516e-01
3.262899816036224365e-01
3.681820631027221680e-01
6.289046406745910645e-01
3.264794647693634033e-01
8.541943877935409546e-02
3.605730533599853516e-01
4.262273013591766357e-02
1.935358345508575439e-01
1.204359829425811768e-01
3.676665425300598145e-01
5.050688385963439941e-01
3.708049654960632324e-01
9.847798347473144531e-01
4.827327132225036621e-01
3.738928437232971191e-01
2.477336227893829346e-01
5.541652441024780273e-01
7.261781394481658936e-02
9.025908112525939941e-01
1.005196943879127502e-01
2.806789278984069824e-01
4.573261141777038574e-01
2.198752462863922119e-01
1.168104261159896851e-01
3.668458461761474609e-01
6.326707601547241211e-01
1.771872937679290771e-01
1.279650535434484482e-02
3.330414593219757080e-01
2.631331384181976318e-01
2.871505022048950195e-01
2.595714926719665527e-01
3.479837775230407715e-01
3.666029870510101318e-02
4.572562128305435181e-02
5.007001757621765137e-01
1.184476763010025024e-01
2.798418700695037842e-01
2.344849109649658203e-01
1.435123948567706975e-07
2.988707565236836672e-04
3.500795066356658936e-01
2.739327298887252505e-18
1.154931844212114811e-03
3.024803299922496080e-04
4.655665718019008636e-03
2.511819452047348022e-02
5.184289813041687012e-01
5.984850577078759670e-04
2.186624783462320920e-07
1.392347485307254829e-06
1.965730637311935425e-01
1.821688413619995117e-01
2.391553223133087158e-01
6.260948181152343750e-01
5.227218866348266602e-01
1.947974264621734619e-01
3.130449950695037842e-01
4.566932320594787598e-01
4.382444620132446289e-01
1.659194529056549072e-01
6.717014908790588379e-01
5.889956951141357422e-01
2.200822085142135620e-01
3.208629488945007324e-01
4.097988009452819824e-01
9.926958680152893066e-01
5.568595528602600098e-01
3.669257760047912598e-01
3.428869247436523438e-01
3.875666856765747070e-01
2.353569567203521729e-01
3.596651554107666016e-01
1.497426033020019531e-01
2.364328801631927490e-01
1.100690960884094238e-01
2.343527972698211670e-01
8.813154697418212891e-02
1.459409147500991821e-01
8.021662831306457520e-01
5.293652415275573730e-01
6.250674128532409668e-01
1.199982315301895142e-01
5.887266397476196289e-01
4.885900020599365234e-01
7.233648896217346191e-01
8.683832883834838867e-01
5.079550743103027344e-01
4.783601462841033936e-01
2.074617892503738403e-01
4.643692970275878906e-01
4.252637028694152832e-01
4.400384724140167236e-01
8.136281371116638184e-01
7.905039787292480469e-01
2.685399055480957031e-01
6.558581590652465820e-01
8.600466698408126831e-02
4.127959311008453369e-01
1.153773367404937744e-01
3.872234225273132324e-01
2.148735709488391876e-02
4.096893668174743652e-01
2.806124102789908648e-04
3.684443533420562744e-01
2.848272323608398438e-01
8.821266144514083862e-02
4.581971168518066406e-01
9.056846611201763153e-04
1.299334913492202759e-01
3.006557524204254150e-01
2.954533398151397705e-01
5.837517790496349335e-03
9.249885678291320801e-01
2.156673232093453407e-03
3.949864208698272705e-02
1.163593530654907227e-01
3.443095088005065918e-02
7.615073919296264648e-01
1.349505782127380371e-01
2.290578000247478485e-02
2.198659926652908325e-01
1.744122207164764404e-01
5.981893539428710938e-01
4.029627144336700439e-01
2.548794075846672058e-02
4.329868555068969727e-01
2.169285863637924194e-01
4.906133562326431274e-02
3.081917166709899902e-01
7.723334431648254395e-02
1.938990652561187744e-01
4.011800289154052734e-01
3.466700315475463867e-01
2.703848779201507568e-01
6.019689440727233887e-01
7.103645801544189453e-01
9.307866096496582031e-01
8.929390460252761841e-03
3.646671175956726074e-01
2.310208231210708618e-01
1.902496963739395142e-01
4.197450280189514160e-01
6.385084390640258789e-01
3.300752937793731689e-01
7.951318472623825073e-02
6.826879978179931641e-01
5.170469284057617188e-01
3.095454275608062744e-01
7.892391681671142578e-01
1.459930688142776489e-01
7.933218479156494141e-01
6.038290262222290039e-01
5.482306480407714844e-01
3.892531692981719971e-01
5.636322498321533203e-01
6.064314842224121094e-01
5.834715366363525391e-01
8.561691045761108398e-01
2.558566331863403320e-01
4.303417801856994629e-01
1.864957213401794434e-01
4.783759713172912598e-01
2.187284827232360840e-01
7.051686048507690430e-01
3.411777019500732422e-01
4.401425123214721680e-01
5.123656988143920898e-01
3.348411321640014648e-01
7.436102628707885742e-01
3.479745984077453613e-01
5.455894470214843750e-01
3.841015100479125977e-01
4.608166217803955078e-01
6.517046689987182617e-01
4.183924198150634766e-01
2.035785764455795288e-01
2.009662985801696777e-01
6.671652197837829590e-01
1.469161733984947205e-02
1.125238984823226929e-01
2.184867560863494873e-01
3.365619108080863953e-02
3.662487491965293884e-02
8.082132041454315186e-02
1.908718347549438477e-01
1.402927041053771973e-01
2.371857874095439911e-02
2.174960672855377197e-01
2.201694250106811523e-01
1.749624684453010559e-02
1.169833168387413025e-01
5.593310110270977020e-03
1.242347899824380875e-02
2.287600934505462646e-02
3.561687469482421875e-01
1.090770028531551361e-02
3.705147653818130493e-02
1.377658545970916748e-01
5.977646261453628540e-02
1.012236475944519043e-01
1.778818070888519287e-01
5.378863215446472168e-02
6.498990207910537720e-02
6.039977073669433594e-01
1.781512945890426636e-01
3.157646656036376953e-01
2.500029504299163818e-01
2.811955511569976807e-01
2.739894390106201172e-01
4.808014631271362305e-01
4.678784310817718506e-02
2.023357897996902466e-01
1.490172743797302246e-01
6.795632839202880859e-02
3.837717175483703613e-01
3.779738247394561768e-01
4.046702980995178223e-01
3.360196948051452637e-01
7.728107273578643799e-02
2.913995832204818726e-02
3.909811973571777344e-01
9.681280789664015174e-05
2.227394282817840576e-01
1.056559756398200989e-02
5.702632665634155273e-01
1.483299136161804199e-01
1.931110322475433350e-01
1.840254664421081543e-01
2.397284507751464844e-01
4.541217535734176636e-02
1.501291096210479736e-01
2.327016741037368774e-01
3.936810791492462158e-02
1.088984906673431396e-01
1.022349763661623001e-02
1.548938304185867310e-01
2.641972713172435760e-02
2.417791187763214111e-01
1.808402538299560547e-01
6.093685030937194824e-01
2.323943674564361572e-01
3.020660877227783203e-01
4.435576871037483215e-02
1.730772554874420166e-01
2.571866512298583984e-01
4.235297739505767822e-01
8.044016361236572266e-01
2.811388373374938965e-01
1.815720945596694946e-01
9.158461689949035645e-01
4.681294038891792297e-02
2.394662052392959595e-02
5.061661824584007263e-03
4.540731757879257202e-02
1.419134140014648438e-01
1.457919776439666748e-01
7.599461674690246582e-01
1.880556531250476837e-02
9.876352548599243164e-02
2.759659290313720703e-01
3.139235973358154297e-01
5.012400150299072266e-01
3.883758485317230225e-01
3.238100409507751465e-01
3.821090608835220337e-02
6.220749616622924805e-01
2.323822677135467529e-01
1.152458786964416504e-01
2.578647732734680176e-01
2.821426987648010254e-01
6.901399493217468262e-01
6.629786491394042969e-01
3.629000782966613770e-01
6.287013292312622070e-01
5.631558224558830261e-02
6.750128865242004395e-01
3.930190950632095337e-02
1.336113065481185913e-01
1.050231158733367920e-01
6.136476397514343262e-01
2.790276706218719482e-01
4.632883369922637939e-01
5.618277192115783691e-01
1.453000009059906006e-01
6.369246840476989746e-01
7.877085357904434204e-02
3.313718363642692566e-02
5.155469775199890137e-01
6.576519608497619629e-01
4.264676570892333984e-02
2.654007673263549805e-01
7.490820884704589844e-01
1.926034986972808838e-01
9.805002808570861816e-02
3.769448995590209961e-01
3.489490598440170288e-02
2.465574443340301514e-01
1.370497941970825195e-01
4.066756963729858398e-01
2.619864344596862793e-01
4.846264421939849854e-01
1.607535183429718018e-01
9.278563261032104492e-01
1.244974434375762939e-01
4.961654078215360641e-03
1.636881977319717407e-01
1.006255894899368286e-01
7.216203212738037109e-02
3.039083778858184814e-01
2.405574023723602295e-01
1.062738988548517227e-02
3.345527052879333496e-01
3.595966696739196777e-01
2.430129051208496094e-01
2.426812648773193359e-01
9.566960483789443970e-02
5.388010293245315552e-02
4.040707647800445557e-01
1.006736755371093750e-01
4.627958685159683228e-02
4.675562679767608643e-02
1.286002621054649353e-02
5.405765771865844727e-01
7.263404875993728638e-02
9.944939613342285156e-01
1.269280016422271729e-01
2.310202121734619141e-01
6.171151399612426758e-01
5.570016335695981979e-03
1.146401371806859970e-02
5.436449050903320312e-01
3.530131187289953232e-03
6.394007802009582520e-01
2.736916542053222656e-01
1.179911345243453979e-01
7.203167080879211426e-01
3.547620177268981934e-01
1.523178517818450928e-01
1.099387332797050476e-01
1.758204400539398193e-01
2.250471413135528564e-01
3.441929444670677185e-02
6.873237341642379761e-02
1.008174940943717957e-01
1.940657943487167358e-01
2.216662764549255371e-01
2.690044641494750977e-01
2.275254726409912109e-01
4.467307031154632568e-01
1.970740854740142822e-01
1.848358958959579468e-01
8.431263267993927002e-02
4.519773125648498535e-01
4.401935338973999023e-01
3.227465640520676970e-05
1.139980909670157416e-08
1.986874309523045667e-08
6.609208583831787109e-01
3.613095283508300781e-01
1.889911345642758533e-06
2.768801932688802481e-04
1.548712141811847687e-02
6.472097084042616189e-06
4.170175269246101379e-02
1.590324938297271729e-02
1.447993814945220947e-01
2.445860533043742180e-03
1.024273215038723397e-15
9.887037426233291626e-02
3.046818375587463379e-01
1.958018690347671509e-01
1.313165128231048584e-01
3.142046085119476473e-12
5.017910003662109375e-01
3.589467406272888184e-01
2.609557509422302246e-01
4.335600733757019043e-01
3.872536420822143555e-01
6.880604028701782227e-01
2.190321981906890869e-01
1.953118108212947845e-02
4.041064977645874023e-01
1.891616382636129856e-03
3.490726277232170105e-02
1.897815167903900146e-01
3.367787003517150879e-01
3.725035814568400383e-03
6.427113711833953857e-02
7.215311052277684212e-04
1.204799581319093704e-02
9.547548368573188782e-03
9.666888415813446045e-02
1.591256558895111084e-01
1.102496683597564697e-02
3.972797840833663940e-02
4.488875856623053551e-04
3.284580074250698090e-03
2.327638864517211914e-01
1.396879404783248901e-01
2.774854898452758789e-01
4.612351655960083008e-01
2.427938133478164673e-01
2.192584723234176636e-01
7.472362518310546875e-01
2.926223874092102051e-01
2.573400735855102539e-01
1.389611661434173584e-01
1.543712615966796875e-01
1.170627102255821228e-01
1.793844439089298248e-02
7.038890123367309570e-01
1.655658483505249023e-01
1.951650083065032959e-01
2.942287027835845947e-01
2.391619831323623657e-01
1.391248255968093872e-01
4.557668566703796387e-01
8.863617479801177979e-02
1.379624009132385254e-02
4.114457368850708008e-01
1.294185668230056763e-01
7.085452079772949219e-01
1.313150823116302490e-01
2.194185554981231689e-01
4.726749360561370850e-01
1.382505288347601891e-03
8.490093946456909180e-01
6.484313309192657471e-02
4.105161428451538086e-01
8.066294193267822266e-01
4.045241177082061768e-01
8.758414983749389648e-01
8.195921182632446289e-01
5.026242733001708984e-01
4.415187835693359375e-01
2.869344949722290039e-01
2.770404219627380371e-01
3.111884891986846924e-01
2.831616401672363281e-01
4.135948121547698975e-01
3.094922900199890137e-01
2.818333208560943604e-01
1.045296248048543930e-02
1.977191567420959473e-01
5.892742872238159180e-01
2.195061743259429932e-01
3.231612741947174072e-01
2.011525183916091919e-01
3.861357867717742920e-01
2.179459929466247559e-01
1.334965415298938751e-02
1.699188202619552612e-01
1.058808341622352600e-01
5.400626659393310547e-01
3.879060095641762018e-04
5.395026803016662598e-01
5.208788514137268066e-01
3.076541125774383545e-01
1.154008693993091583e-02
2.723128795623779297e-01
7.952853441238403320e-01
5.685104057192802429e-02
4.682154953479766846e-01
7.844631373882293701e-02
2.679376900196075439e-01
4.121480286121368408e-01
4.969710111618041992e-01
1.209180131554603577e-01
6.484329700469970703e-01
7.360438108444213867e-01
2.228669449687004089e-02
3.393967747688293457e-01
5.078235864639282227e-01
8.053281307220458984e-01
3.884165287017822266e-01
3.228081166744232178e-01
3.222652673721313477e-01
1.585403084754943848e-01
2.095439136028289795e-01
2.014418244361877441e-01
4.914984703063964844e-01
3.509435653686523438e-01
2.793292999267578125e-01
3.175514936447143555e-01
1.605181694030761719e-01
5.059663057327270508e-01
2.762818038463592529e-01
2.538784146308898926e-01
1.384955644607543945e-01
1.062773019075393677e-01
1.631791591644287109e-01
2.121735811233520508e-01
2.257885038852691650e-01
3.175832098349928856e-03
3.564063906669616699e-01
6.998182833194732666e-02
2.074865847826004028e-01
2.701832354068756104e-01
7.123240828514099121e-02
5.246452689170837402e-01
3.361437618732452393e-01
5.670213699340820312e-01
7.643566131591796875e-01
4.262011870741844177e-02
6.872406005859375000e-01
4.282550811767578125e-01
4.917650818824768066e-01
2.185434699058532715e-01
4.077553153038024902e-01
3.558771312236785889e-01
7.338049411773681641e-01
5.582991838455200195e-01
5.225355625152587891e-01
8.953863382339477539e-01
1.335121132433414459e-02
1.417599618434906006e-02
2.715743184089660645e-01
4.275360703468322754e-01
2.094737291336059570e-01
4.596327245235443115e-01
3.837404549121856689e-01
4.362326860427856445e-01
2.847490645945072174e-02
1.265879068523645401e-02
1.522835344076156616e-01
4.767452776432037354e-01
2.519519627094268799e-01
4.742500185966491699e-02
9.908733516931533813e-02
8.482821285724639893e-02
1.923194080591201782e-01
1.407462060451507568e-01
2.513952925801277161e-02
6.162130157463252544e-04
7.768617272377014160e-01
4.445445537567138672e-01
5.301246643066406250e-01
1.874813288450241089e-01
5.833153724670410156e-01
6.073700189590454102e-01
1.427530944347381592e-01
3.841572999954223633e-01
3.481512367725372314e-01
2.950140237808227539e-01
3.537492156028747559e-01
6.959065794944763184e-01
5.255330801010131836e-01
2.220282405614852905e-01
3.525527119636535645e-01
3.258396387100219727e-01
3.644856214523315430e-01
6.554185748100280762e-01
1.922257989645004272e-01
1.380141079425811768e-01
4.578349366784095764e-02
5.626155063509941101e-03
3.242591023445129395e-02
2.928611636161804199e-01
4.895470738410949707e-01
8.935578912496566772e-02
2.198563218116760254e-01
7.139508426189422607e-02
1.355754584074020386e-01
4.391372203826904297e-01
2.225412521511316299e-03
2.806841731071472168e-01
5.893047899007797241e-03
3.065676689147949219e-01
9.683996438980102539e-02
9.698548354208469391e-03
2.518004272133111954e-03
8.163738995790481567e-03
3.949938714504241943e-02
2.459085732698440552e-02
3.737384676933288574e-01
5.584053397178649902e-01
1.459559798240661621e-01
3.082320094108581543e-01
3.195883333683013916e-01
2.347517013549804688e-02
8.431056141853332520e-02
4.597055315971374512e-01
3.385942280292510986e-01
1.066311448812484741e-01
6.054526567459106445e-01
2.666379213333129883e-01
1.547664403915405273e-01
5.323333144187927246e-01
4.671814441680908203e-01
4.809729456901550293e-01
4.155331850051879883e-01
1.852958798408508301e-01
4.142857789993286133e-01
1.138742938637733459e-01
2.731832861900329590e-01
2.454552352428436279e-01
4.595671296119689941e-01
4.687153697013854980e-01
4.658217430114746094e-01
4.795544147491455078e-01
1.241699457168579102e-01
1.818182021379470825e-01
2.332669198513031006e-01
3.034056127071380615e-01
3.457649350166320801e-01
6.520786881446838379e-02
3.388791978359222412e-01
5.093012452125549316e-01
2.844866365194320679e-02
5.305110216140747070e-01
2.092874348163604736e-01
2.564958035945892334e-01
3.454647660255432129e-01
1.142125576734542847e-02
4.476946294307708740e-01
3.966326117515563965e-01
3.957375288009643555e-01
7.946966290473937988e-01
5.835362076759338379e-01
4.716101884841918945e-01
5.233613252639770508e-01
5.779862999916076660e-01
3.776518106460571289e-01
4.688975214958190918e-01
2.420702278614044189e-01
3.631809055805206299e-01
3.522054553031921387e-01
3.072381615638732910e-01
2.516502737998962402e-01
3.933099508285522461e-01
5.653550624847412109e-01
3.539198040962219238e-01
4.594749212265014648e-01
4.765743911266326904e-01
2.581117451190948486e-01
7.655103504657745361e-02
1.331932246685028076e-01
1.779980361461639404e-01
4.272295236587524414e-01
3.281006217002868652e-01
2.563410624861717224e-02
5.372208543121814728e-03
7.140976190567016602e-02
5.356720089912414551e-02
3.332076668739318848e-01
6.082667782902717590e-02
5.342289805412292480e-02
2.371946424245834351e-01
3.741854429244995117e-01
4.251423105597496033e-02
6.047087907791137695e-02
4.737913310527801514e-01
7.591531425714492798e-02
3.067232668399810791e-02
4.249089956283569336e-01
2.891317903995513916e-01
4.525019228458404541e-02
2.546865642070770264e-01
3.643775358796119690e-02
2.424490638077259064e-02
6.016484498977661133e-01
3.218902945518493652e-01
2.412887960672378540e-01
1.610987633466720581e-02
7.360420823097229004e-01
1.710067689418792725e-02
8.219247683882713318e-04
4.227169156074523926e-01
2.072436958551406860e-01
5.157774686813354492e-01
1.603977987542748451e-03
7.797517627477645874e-02
9.696970134973526001e-02
1.377379000186920166e-01
3.167741596698760986e-01
4.934130311012268066e-01
3.945747911930084229e-01
4.956841170787811279e-01
4.069697260856628418e-01
4.625431299209594727e-01
1.552091687917709351e-01
4.830348771065473557e-03
2.834164500236511230e-01
5.860177278518676758e-01
4.946471378207206726e-02
4.889442324638366699e-01
8.084538578987121582e-02
3.683257997035980225e-01
6.634052991867065430e-01
7.687803506851196289e-01
1.430608332157135010e-01
1.235350519418716431e-01
1.870407909154891968e-01
3.771862089633941650e-01
3.811327517032623291e-01
1.928831934928894043e-01
3.227976560592651367e-01
7.638344168663024902e-02
1.690554320812225342e-01
4.118463397026062012e-01
3.321756422519683838e-01
5.562336444854736328e-01
1.872741580009460449e-01
5.709879398345947266e-01
2.772559523582458496e-01
2.810595333576202393e-01
3.426548242568969727e-01
7.059187889099121094e-01
3.786877691745758057e-01
2.350634783506393433e-01
3.310153186321258545e-01
5.115979313850402832e-01
7.445363998413085938e-01
1.939647197723388672e-01
2.556977868080139160e-01
4.712261557579040527e-01
7.775496244430541992e-01
5.501397252082824707e-01
4.337464570999145508e-01
4.154888093471527100e-01
8.756229877471923828e-01
2.939454615116119385e-01
4.506131410598754883e-01
6.677860617637634277e-01
5.117374062538146973e-01
7.111487388610839844e-01
4.760642051696777344e-01
5.951231718063354492e-01
5.939883589744567871e-01
5.696134567260742188e-01
2.049327492713928223e-01
5.032582879066467285e-01
7.163795232772827148e-01
8.786208033561706543e-01
1.553877890110015869e-01
3.226092159748077393e-01
8.573313057422637939e-02
3.397777974605560303e-01
7.325440645217895508e-02
3.969509601593017578e-01
8.035731315612792969e-02
5.327814817428588867e-01
2.568334043025970459e-01
2.715391516685485840e-01
5.321826338768005371e-01
7.263077497482299805e-01
5.891546010971069336e-01
3.734101653099060059e-01
4.715851247310638428e-01
2.568198442459106445e-01
3.765529394149780273e-01
3.978052735328674316e-01
3.778598308563232422e-01
4.351738989353179932e-01
4.261362925171852112e-02
7.310775518417358398e-01
9.820736050605773926e-01
4.600122570991516113e-01
1.400219500064849854e-01
3.677160441875457764e-01
2.458214014768600464e-01
1.301055997610092163e-01
1.407723426818847656e-01
3.178584277629852295e-01
5.043114423751831055e-01
7.056996226310729980e-01
4.219794869422912598e-01
4.201053380966186523e-01
6.470445394515991211e-01
5.202366113662719727e-01
3.846961855888366699e-01
3.950858116149902344e-01
2.446075677871704102e-01
2.074543386697769165e-03
2.690373361110687256e-01
5.293853580951690674e-02
6.224868297576904297e-01
4.064986482262611389e-02
3.081493079662322998e-02
3.730272352695465088e-01
3.393966555595397949e-01
3.822099417448043823e-03
4.639697670936584473e-01
6.499242782592773438e-02
1.985525526106357574e-02
1.364146769046783447e-01
2.771303951740264893e-01
2.830639481544494629e-01
4.191772639751434326e-02
3.604098260402679443e-01
1.259625609964132309e-02
2.808692157268524170e-01
7.340748310089111328e-01
4.693681374192237854e-02
4.064915478229522705e-01
2.875377237796783447e-01
6.332011222839355469e-01
5.947999954223632812e-01
1.288798004388809204e-01
1.418608725070953369e-01
2.679159641265869141e-01
2.427128255367279053e-01
4.639481306076049805e-01
4.737633764743804932e-01
3.672748804092407227e-01
5.198735594749450684e-01
4.274626374244689941e-01
5.595797300338745117e-01
6.900535821914672852e-01
7.459968328475952148e-01
6.576203107833862305e-01
8.459497094154357910e-01
8.821533322334289551e-01
1.363774091005325317e-01
8.802295778878033161e-04
1.114592595996555247e-08
1.723303100220618944e-08
6.218297779560089111e-02
2.190209478139877319e-01
2.095555067062377930e-01
2.463923543691635132e-01
2.877996265888214111e-01
1.409790012985467911e-02
9.078154107555747032e-04
6.002648174762725830e-02
3.232183307409286499e-02
3.280118405818939209e-01
4.263889789581298828e-01
6.714747548103332520e-01
3.061378002166748047e-01
7.354364264756441116e-03
1.920618712902069092e-01
6.659220457077026367e-01
6.040981039404869080e-02
6.159536838531494141e-01
8.272249698638916016e-01
8.208603858947753906e-01
9.402376413345336914e-01
2.869637310504913330e-01
4.846110939979553223e-01
1.743375957012176514e-01
2.747130347415804863e-03
1.525324583053588867e-01
4.804009795188903809e-01
3.854254484176635742e-01
1.116857826709747314e-01
5.422471761703491211e-01
4.113859832286834717e-01
7.325271368026733398e-01
4.220497310161590576e-01
4.310324192047119141e-01
3.903549909591674805e-01
7.133255004882812500e-01
2.816554307937622070e-01
3.841260215267539024e-03
3.709700703620910645e-01
8.207300901412963867e-01
3.419398665428161621e-01
2.540933489799499512e-01
5.784014463424682617e-01
3.986956477165222168e-01
5.089744329452514648e-01
2.524079978466033936e-01
1.821777373552322388e-01
4.018068909645080566e-01
1.691343635320663452e-01
8.463425934314727783e-02
3.757328093051910400e-01
1.436669230461120605e-01
9.798019379377365112e-02
5.209811963140964508e-03
4.420833587646484375e-01
6.036702543497085571e-02
5.469079315662384033e-02
5.504103302955627441e-01
1.434507220983505249e-01
1.602751463651657104e-01
2.332592606544494629e-01
2.935687303543090820e-01
4.000899493694305420e-01
2.074604779481887817e-01
3.603534102439880371e-01
5.559836030006408691e-01
4.392589926719665527e-01
4.397790431976318359e-01
4.700378179550170898e-01
3.860520422458648682e-01
2.350227981805801392e-01
5.004849433898925781e-01
5.057005882263183594e-01
4.715756177902221680e-01
2.322250008583068848e-01
2.007023096084594727e-01
2.884827256202697754e-01
3.909384608268737793e-01
2.294494211673736572e-01
4.182760715484619141e-01
7.081006765365600586e-01
3.283565342426300049e-01
9.121509641408920288e-02
4.688754081726074219e-01
2.328284978866577148e-01
4.646050930023193359e-01
3.118526339530944824e-01
1.490860730409622192e-01
2.403652071952819824e-01
4.074178338050842285e-01
1.937189698219299316e-01
8.466816693544387817e-02
3.387321531772613525e-01
9.407357126474380493e-02
5.751011371612548828e-01
3.942413926124572754e-01
7.503399997949600220e-02
4.849111437797546387e-01
1.873871088027954102e-01
1.931302249431610107e-01
4.665250703692436218e-02
1.081007719039916992e-01
2.123534232378005981e-01
2.117668986320495605e-01
1.618675440549850464e-01
7.577910274267196655e-02
7.999180257320404053e-02
6.529722362756729126e-02
1.345008760690689087e-01
3.937048837542533875e-03
9.957073256373405457e-03
4.224880933761596680e-01
3.599334508180618286e-02
2.991410791873931885e-01
1.976265106350183487e-03
1.667603664100170135e-02
2.855713963508605957e-01
2.019302546977996826e-01
4.405024647712707520e-01
8.227415382862091064e-02
4.690662771463394165e-02
2.948091924190521240e-01
2.276668101549148560e-01
7.812328636646270752e-02
2.402529120445251465e-01
3.605743348598480225e-01
2.947227656841278076e-01
5.673067271709442139e-02
2.370487451553344727e-01
7.045614998787641525e-03
5.161685347557067871e-01
2.433219738304615021e-02
6.325335502624511719e-01
4.110795259475708008e-01
2.065378725528717041e-01
3.481578230857849121e-01
1.068116575479507446e-01
2.494779527187347412e-01
4.373158216476440430e-01
2.674637138843536377e-01
5.059711337089538574e-01
3.182688057422637939e-01
6.227744817733764648e-01
5.813479423522949219e-01
5.336731076240539551e-01
5.120235085487365723e-01
8.381962776184082031e-01
9.230449199676513672e-01
5.320695042610168457e-01
4.291991591453552246e-01
4.762981534004211426e-01
5.071586370468139648e-01
5.395858883857727051e-01
6.578627824783325195e-01
5.903391838073730469e-01
7.330611348152160645e-02
9.861810803413391113e-01
5.117797851562500000e-01
6.523481607437133789e-01
6.589392423629760742e-01
8.258996158838272095e-02
2.685689926147460938e-01
3.057906031608581543e-01
6.123179942369461060e-02
6.652861833572387695e-01
7.012071460485458374e-02
3.505984246730804443e-01
5.091841220855712891e-01
1.815904974937438965e-01
4.433225393295288086e-01
6.093852221965789795e-02
2.354663461446762085e-01
4.165535271167755127e-01
5.286925435066223145e-01
3.205719590187072754e-01
1.769888103008270264e-01
9.915972501039505005e-02
7.674738168716430664e-01
2.829356193542480469e-01
7.433190941810607910e-02
1.512008011341094971e-01
3.123459219932556152e-01
5.898872017860412598e-01
5.281198024749755859e-01
4.265187382698059082e-01
8.266358077526092529e-02
3.874258995056152344e-01
5.025859549641609192e-02
1.948753893375396729e-01
6.337255984544754028e-02
4.402323365211486816e-01
2.014733552932739258e-01
4.472750425338745117e-01
2.527578175067901611e-01
6.373486518859863281e-01
3.316269516944885254e-01
3.000573217868804932e-01
3.080957233905792236e-01
6.094734072685241699e-01
2.767750322818756104e-01
5.365973114967346191e-01
4.914637804031372070e-01
6.832791864871978760e-02
7.028790116310119629e-01
3.342527151107788086e-01
1.523305326700210571e-01
5.884652584791183472e-02
1.623360514640808105e-01
4.773948192596435547e-01
1.684273630380630493e-01
1.815022528171539307e-01
3.064226210117340088e-01
9.292395710945129395e-01
5.305324196815490723e-01
3.065644204616546631e-01
2.177118062973022461e-01
5.036344528198242188e-01
4.481453597545623779e-01
1.053886860609054565e-01
1.186670511960983276e-01
4.456866532564163208e-02
8.535698652267456055e-01
1.587478816509246826e-01
8.126713335514068604e-02
6.531943082809448242e-01
1.322519481182098389e-01
1.636580228805541992e-01
2.683315873146057129e-01
4.760965108871459961e-01
3.849011659622192383e-01
4.235548973083496094e-01
7.515184879302978516e-01
1.803562194108963013e-01
1.319577544927597046e-01
3.881228566169738770e-01
4.727398604154586792e-02
1.121102944016456604e-01
2.431602329015731812e-01
2.405751943588256836e-01
2.913546562194824219e-01
1.275763958692550659e-01
6.912327557802200317e-02
3.133601695299148560e-02
1.621806919574737549e-01
3.188323974609375000e-01
2.712396085262298584e-01
4.261304438114166260e-02
2.034700959920883179e-01
1.360658407211303711e-01
2.021223306655883789e-01
1.398422569036483765e-01
5.635834112763404846e-02
7.193478941917419434e-02
3.482087701559066772e-02
2.751219868659973145e-01
6.649203896522521973e-01
1.688435226678848267e-01
3.832419589161872864e-02
2.770738601684570312e-01
5.844935774803161621e-03
3.590618725866079330e-03
1.513844914734363556e-02
7.416937500238418579e-02
5.033694505691528320e-01
1.702226698398590088e-03
4.394222497940063477e-01
5.084028095006942749e-02
1.209737081080675125e-02
3.909202814102172852e-01
3.638096451759338379e-01
1.181035190820693970e-01
1.300043612718582153e-01
9.524786728434264660e-04
4.039747714996337891e-01
1.145360898226499557e-02
1.887706294655799866e-02
4.852587729692459106e-02
3.151135146617889404e-01
6.372839808464050293e-01
6.086308956146240234e-01
6.617081761360168457e-01
8.147490620613098145e-01
8.848008513450622559e-01
7.277752757072448730e-01
6.130461692810058594e-01
6.064243912696838379e-01
4.073053598403930664e-01
4.088254570960998535e-01
7.147305011749267578e-01
6.195679903030395508e-01
2.877857089042663574e-01
1.232893168926239014e-01
4.613921642303466797e-01
3.992614150047302246e-01
5.960215330123901367e-01
4.610829353332519531e-01
9.227909445762634277e-01
6.989315897226333618e-02
4.401901960372924805e-01
3.594769835472106934e-01
5.130626559257507324e-01
7.863484323024749756e-02
3.368608281016349792e-02
5.712683796882629395e-01
3.639780450612306595e-03
1.403365433216094971e-01
3.938747048377990723e-01
1.875155419111251831e-01
1.404657065868377686e-01
3.469432890415191650e-01
4.241719245910644531e-01
4.472036845982074738e-03
1.443399786949157715e-01
1.171139627695083618e-01
3.393313884735107422e-01
6.662474479526281357e-04
3.982245624065399170e-01
6.546805500984191895e-01
6.540511548519134521e-02
1.089671626687049866e-01
3.953035175800323486e-02
3.372923135757446289e-01
2.279189825057983398e-01
2.433502078056335449e-01
5.994604229927062988e-01
5.570701882243156433e-02
6.621918678283691406e-01
4.355195164680480957e-01
1.763527393341064453e-01
5.289558172225952148e-01
2.328611165285110474e-02
2.826138436794281006e-01
2.949830591678619385e-01
4.202642738819122314e-01
2.894040644168853760e-01
4.072373732924461365e-03
6.265079230070114136e-02
4.849226772785186768e-01
3.309879899024963379e-01
5.333326756954193115e-02
1.458330750465393066e-01
1.333199739456176758e-01
7.010588049888610840e-02
2.206047251820564270e-02
1.548785567283630371e-01
9.092041105031967163e-02
3.854976296424865723e-01
2.499747648835182190e-02
1.928065717220306396e-01
3.594531416893005371e-01
5.370700359344482422e-02
1.527465730905532837e-01
3.824993371963500977e-01
2.673782706260681152e-01
6.554332971572875977e-01
3.031572103500366211e-01
6.740874052047729492e-01
1.861582994461059570e-01
5.772600173950195312e-01
8.427713066339492798e-03
4.231252074241638184e-01
3.379667401313781738e-01
6.308112293481826782e-02
2.264566134613232862e-08
6.068550515919923782e-03
2.963412553071975708e-02
2.274473226862028241e-04
1.811799738788977265e-04
8.042129874229431152e-02
3.348545432090759277e-01
1.797684282064437866e-02
2.220431268215179443e-01
3.372200131416320801e-01
7.556490898132324219e-01
2.465156763792037964e-01
2.301366329193115234e-01
1.330784410238265991e-01
2.037160545587539673e-01
5.064728856086730957e-01
4.457275867462158203e-01
2.489568591117858887e-01
6.969174146652221680e-01
5.004363656044006348e-01
6.119293570518493652e-01
7.628368735313415527e-01
6.063106060028076172e-01
5.055668950080871582e-01
3.485016226768493652e-01
1.183882206678390503e-01
6.280760169029235840e-01
7.933429479598999023e-01
6.640757322311401367e-01
1.115252673625946045e-01
2.327199280261993408e-01
4.943154454231262207e-01
8.179766535758972168e-01
3.685977458953857422e-01
4.922876358032226562e-01
3.969984948635101318e-01
5.793483257293701172e-01
7.601897418498992920e-02
4.302631616592407227e-01
8.438469171524047852e-01
7.178822755813598633e-01
5.012222528457641602e-01
4.826603531837463379e-01
4.630610644817352295e-01
2.889565825462341309e-01
5.964956283569335938e-01
5.667254328727722168e-01
2.957203090190887451e-01
3.536024093627929688e-01
3.299612402915954590e-01
4.203643798828125000e-01
7.878788113594055176e-01
5.343289375305175781e-01
5.103603601455688477e-01
6.271257251501083374e-02
7.205656147561967373e-04
3.069657087326049805e-01
3.952431976795196533e-01
2.852900326251983643e-01
2.442638874053955078e-01
3.683148324489593506e-01
4.604273438453674316e-01
2.223701216280460358e-02
4.626764059066772461e-01
1.664912849664688110e-01
1.644844934344291687e-02
3.369426727294921875e-01
1.279250998049974442e-02
2.585342526435852051e-01
6.311433911323547363e-01
4.424188733100891113e-01
4.424062743782997131e-02
4.806814715266227722e-02
3.180839819833636284e-03
5.331696867942810059e-01
2.725546434521675110e-02
4.214403927326202393e-01
6.598638296127319336e-01
1.653651148080825806e-02
2.574621438980102539e-01
1.237099766731262207e-01
2.570957504212856293e-02
2.547155022621154785e-01
4.943615943193435669e-02
2.737373709678649902e-01
7.495039701461791992e-01
2.323769629001617432e-01
2.225661873817443848e-01
4.536768794059753418e-01
2.417371869087219238e-01
6.272645592689514160e-01
7.143331766128540039e-01
3.631016612052917480e-01
2.250589132308959961e-01
3.912807404994964600e-01
6.315457075834274292e-02
1.321194134652614594e-02
4.052069187164306641e-01
6.025051698088645935e-02
2.904601693153381348e-01
2.707452476024627686e-01
5.133820772171020508e-01
3.308703899383544922e-01
1.462421566247940063e-01
6.623443216085433960e-02
4.068768620491027832e-01
3.155913949012756348e-01
4.663308500312268734e-04
1.747785359621047974e-01
1.571993231773376465e-01
6.902596354484558105e-02
4.713940322399139404e-01
2.524126172065734863e-01
1.479627639055252075e-01
3.247514367103576660e-01
4.108001291751861572e-01
5.458042621612548828e-01
7.979118824005126953e-01
4.167712628841400146e-01
4.798582792282104492e-01
2.629222273826599121e-01
6.757771968841552734e-01
4.901089668273925781e-01
5.741657614707946777e-01
8.862704038619995117e-01
3.627638220787048340e-01
3.944693803787231445e-01
4.974918365478515625e-01
5.723905563354492188e-01
2.454278469085693359e-01
6.275408267974853516e-01
8.565299510955810547e-01
4.473654627799987793e-01
4.791220426559448242e-01
2.009869813919067383e-01
5.556073784828186035e-02
4.428567886352539062e-01
4.797951579093933105e-01
7.666710019111633301e-02
7.630588370375335217e-04
3.858684003353118896e-01
3.240076899528503418e-01
9.266290664672851562e-01
4.018630683422088623e-01
1.863228976726531982e-01
5.313233733177185059e-01
3.841815749183297157e-03
8.943625725805759430e-03
2.565996721386909485e-03
4.343895316123962402e-01
4.310115575790405273e-01
2.748931050300598145e-01
1.323009133338928223e-01
3.587532639503479004e-01
1.747228950262069702e-01
5.432124137878417969e-01
2.684146463871002197e-01
5.553151369094848633e-01
5.628876686096191406e-01
4.599242508411407471e-01
3.661337867379188538e-02
1.025643274188041687e-01
5.638725757598876953e-01
6.651548743247985840e-01
4.351360201835632324e-01
3.273890614509582520e-01
6.125715970993041992e-01
6.188895106315612793e-01
2.551949918270111084e-01
1.177907809615135193e-01
4.506183266639709473e-01
1.318082213401794434e-01
4.109107255935668945e-01
3.840643167495727539e-01
4.729871824383735657e-02
2.326540797948837280e-01
3.658690452575683594e-01
2.878450155258178711e-01
1.237315237522125244e-01
3.494421243667602539e-01
4.236686602234840393e-02
5.468434095382690430e-01
3.505525887012481689e-01
4.554732441902160645e-01
5.540511608123779297e-01
2.799152433872222900e-01
4.597510695457458496e-01
8.260664343833923340e-02
6.585232019424438477e-01
2.686283886432647705e-01
4.007651209831237793e-01
4.852253198623657227e-01
2.068989723920822144e-01
4.012625813484191895e-01
4.052960872650146484e-01
3.432014584541320801e-01
7.767488714307546616e-04
7.276447117328643799e-02
4.487017169594764709e-02
2.496863156557083130e-02
3.895468078553676605e-03
1.699808984994888306e-01
1.906456798315048218e-02
1.108585372567176819e-01
4.771965146064758301e-01
3.736929297447204590e-01
3.246229514479637146e-02
6.753377914428710938e-01
2.025155276060104370e-01
2.708711922168731689e-01
1.097187027335166931e-01
3.183645009994506836e-01
1.320234239101409912e-01
4.270805120468139648e-01
5.848605036735534668e-01
7.478525042533874512e-01
9.464803934097290039e-01
3.838378190994262695e-01
5.717343688011169434e-01
1.538655757904052734e-01
5.929780006408691406e-01
2.844149470329284668e-01
2.718118429183959961e-01
2.838176488876342773e-01
5.107671022415161133e-01
6.970912963151931763e-02
5.628829598426818848e-01
4.950908422470092773e-01
4.911769628524780273e-01
3.874833583831787109e-01
2.892057597637176514e-01
3.682143092155456543e-01
3.871325775980949402e-02
2.205042243003845215e-01
1.460689753293991089e-01
1.301245987415313721e-01
1.480552554130554199e-01
5.008740425109863281e-01
2.756988108158111572e-01
3.096737666055560112e-03
1.755975037813186646e-01
1.446670293807983398e-01
1.389531977474689484e-02
6.055078655481338501e-02
3.000337863340973854e-03
1.222955621778964996e-02
6.196327507495880127e-02
4.695143699645996094e-01
1.395964936818927526e-04
1.728554815053939819e-02
4.669828712940216064e-01
1.932316720485687256e-01
7.118859887123107910e-01
4.199810698628425598e-02
6.292762160301208496e-01
1.949310898780822754e-01
4.222751557826995850e-01
4.794732481241226196e-02
3.239069879055023193e-01
3.924165666103363037e-01
2.783163487911224365e-01
2.471970766782760620e-02
8.282979726791381836e-01
3.399492502212524414e-01
3.065311014652252197e-01
2.755412459373474121e-02
3.981868624687194824e-01
3.336789011955261230e-01
2.816316783428192139e-01
4.160983562469482422e-01
5.595632791519165039e-01
1.036691013723611832e-02
3.640145957469940186e-01
9.960942715406417847e-02
3.830595612525939941e-01
3.518389165401458740e-02
1.658509373664855957e-01
1.202156394720077515e-01
4.987839758396148682e-01
6.572843790054321289e-01
5.699639916419982910e-01
2.035818099975585938e-01
1.940535604953765869e-01
2.944007813930511475e-01
2.460292428731918335e-01
8.004142902791500092e-03
2.598746716976165771e-01
1.666025668382644653e-01
7.774654775857925415e-02
2.506740689277648926e-01
2.578878700733184814e-01
1.940764188766479492e-01
2.353031039237976074e-01
5.315916985273361206e-02
4.207810988532401097e-09
1.307650003582239151e-03
8.402838371694087982e-03
7.546165725216269493e-04
4.376306023914366961e-04
1.330510526895523071e-01
4.681089520454406738e-02
4.894222132861614227e-03
7.484141271561384201e-03
2.871195413172245026e-02
2.885846197605133057e-01
6.155781447887420654e-04
3.948971927165985107e-01
7.527840352850034833e-06
4.230671562254428864e-03
6.621810048818588257e-02
3.324738517403602600e-02
2.219404429197311401e-01
5.430035758763551712e-03
5.058377981185913086e-02
4.864284098148345947e-01
6.699002981185913086e-01
7.220151424407958984e-01
2.550308406352996826e-01
6.751464605331420898e-01
4.501375555992126465e-01
2.892410159111022949e-01
5.448136329650878906e-01
4.005238711833953857e-01
4.627622961997985840e-01
7.335561513900756836e-01
7.845552563667297363e-01
3.993366062641143799e-01
3.844814896583557129e-01
1.161230821162462234e-02
5.144580602645874023e-01
1.667477637529373169e-01
1.118739321827888489e-01
5.088570713996887207e-01
3.725365996360778809e-01
3.629868924617767334e-01
4.899314343929290771e-01
2.439736127853393555e-01
3.439757525920867920e-01
2.513394355773925781e-01
9.010673761367797852e-01
3.637048602104187012e-02
1.788667440414428711e-01
2.479783296585083008e-01
2.989039421081542969e-01
3.605648279190063477e-01
1.921753585338592529e-01
1.027775555849075317e-01
9.720395505428314209e-02
7.019583582878112793e-01
2.255656719207763672e-01
8.883526921272277832e-02
2.328856885433197021e-01
1.669930368661880493e-01
5.894049257040023804e-02
3.012781143188476562e-01
4.038559794425964355e-01
1.500706523656845093e-01
1.146149039268493652e-01
4.132980015128850937e-03
3.643848001956939697e-01
7.218760251998901367e-02
4.173621907830238342e-02
1.381194777786731720e-02
1.525612920522689819e-01
2.833657264709472656e-01
1.726097464561462402e-01
1.977025568485260010e-01
1.990700662136077881e-01
3.878632485866546631e-01
2.625473737716674805e-01
7.452087849378585815e-02
3.424223959445953369e-01
2.803204953670501709e-01
6.426547765731811523e-01
8.176554739475250244e-02
4.756980538368225098e-01
1.010700240731239319e-01
1.438195109367370605e-01
1.208353564143180847e-01
9.325540065765380859e-02
4.266333281993865967e-01
2.519771754741668701e-01
3.305863589048385620e-02
7.801758497953414917e-02
3.317648470401763916e-01
2.329871989786624908e-02
1.670065820217132568e-01
2.866320908069610596e-01
3.241832852363586426e-01
3.423546999692916870e-02
5.471708774566650391e-01
4.877278506755828857e-01
3.248173296451568604e-01
5.819671154022216797e-01
2.659919559955596924e-01
4.961856007575988770e-01
3.921208977699279785e-01
7.409417629241943359e-02
3.247988820075988770e-01
1.871287263929843903e-02
5.096911191940307617e-01
2.064239680767059326e-01
4.279976785182952881e-01
4.034575223922729492e-01
2.419351935386657715e-01
3.477301299571990967e-01
1.320283412933349609e-01
5.958057641983032227e-01
6.537351012229919434e-01
3.340007364749908447e-01
1.447050571441650391e-01
7.308214902877807617e-02
5.715975165367126465e-01
2.093064188957214355e-01
5.507695674896240234e-01
1.028991192579269409e-01
4.042550027370452881e-01
1.351034939289093018e-01
3.016206063330173492e-02
1.714828014373779297e-01
4.784138500690460205e-01
3.451489806175231934e-01
3.526360094547271729e-01
7.350193262100219727e-01
2.066317200660705566e-01
5.190800428390502930e-01
5.349904298782348633e-01
4.140341281890869141e-01
3.078521788120269775e-01
5.427440404891967773e-01
8.944569528102874756e-02
5.838710069656372070e-02
1.938506662845611572e-01
3.060702383518218994e-01
5.711693763732910156e-01
1.102812290191650391e-01
7.948113977909088135e-02
6.073554158210754395e-01
6.573453545570373535e-02
1.860748231410980225e-01
1.838893629610538483e-02
5.628598332405090332e-01
1.089931800961494446e-01
2.561497688293457031e-01
3.762108832597732544e-02
1.467182338237762451e-01
4.110271632671356201e-01
6.664352416992187500e-01
3.896440863609313965e-01
1.107498817145824432e-02
5.419214069843292236e-02
3.470350503921508789e-01
2.383015006780624390e-01
3.924122452735900879e-01
4.011630415916442871e-01
3.839616179466247559e-01
3.531312942504882812e-01
4.277283549308776855e-01
2.521678507328033447e-01
5.123630166053771973e-01
8.274336159229278564e-02
6.159749627113342285e-01
1.354346722364425659e-01
1.317519694566726685e-01
1.914234161376953125e-01
4.575125575065612793e-01
4.140749573707580566e-01
6.948750019073486328e-01
4.267886281013488770e-01
5.832315087318420410e-01
2.353205345571041107e-03
4.591816067695617676e-01
3.215175867080688477e-01
1.585721820592880249e-01
4.692897498607635498e-01
2.198408037656918168e-05
4.807659387588500977e-01
2.758007904049009085e-04
1.215469674207270145e-03
1.458035409450531006e-01
1.013715099543333054e-02
1.573737524449825287e-02
3.521618545055389404e-01
4.649971425533294678e-01
5.851968526840209961e-01
1.699174493551254272e-01
3.809537887573242188e-01
4.082333147525787354e-01
5.158220529556274414e-01
2.219288200139999390e-01
6.548304227180778980e-04
3.733567595481872559e-01
2.053655982017517090e-01
4.095324873924255371e-02
3.498883843421936035e-01
2.351791560649871826e-01
4.862970411777496338e-01
5.659933686256408691e-01
6.454250812530517578e-01
1.553895920515060425e-01
6.345532536506652832e-01
2.905045747756958008e-01
2.598235383629798889e-02
2.048196196556091309e-01
7.527039051055908203e-01
5.629616230726242065e-02
8.224047422409057617e-01
8.584747314453125000e-01
1.956821382045745850e-01
1.106827706098556519e-02
4.432980716228485107e-01
7.090532779693603516e-02
3.141494393348693848e-01
5.708001852035522461e-01
7.748535871505737305e-01
3.993149101734161377e-01
4.617106020450592041e-01
1.097571402788162231e-01
8.876379579305648804e-02
4.557966887950897217e-01
4.760372042655944824e-01
4.060798585414886475e-01
1.802106350660324097e-01
6.393253058195114136e-02
2.993281483650207520e-01
2.232789099216461182e-01
7.872533798217773438e-01
2.885754704475402832e-01
2.551246993243694305e-02
1.903679594397544861e-02
5.888212919235229492e-01
2.656826674938201904e-01
4.661955833435058594e-01
4.707009717822074890e-02
3.537778258323669434e-01
6.391832828521728516e-01
6.232423186302185059e-01
5.764453411102294922e-01
7.644263505935668945e-01
3.685142993927001953e-01
8.915297985076904297e-01
5.842847824096679688e-01
2.430706322193145752e-01
9.390152692794799805e-01
6.927169561386108398e-01
5.782666206359863281e-01
8.881304264068603516e-01
5.896648168563842773e-01
3.014385104179382324e-01
2.160613387823104858e-01
4.624950289726257324e-01
6.207900047302246094e-01
4.671489596366882324e-01
6.483752131462097168e-01
2.475995942950248718e-02
7.383369803428649902e-01
5.291886925697326660e-01
6.436669826507568359e-01
1.476647108793258667e-01
3.327884972095489502e-01
7.186451554298400879e-01
1.912741363048553467e-02
2.605350017547607422e-01
9.716153726913034916e-06
3.420602679252624512e-01
6.366732120513916016e-01
1.022397336782887578e-04
3.897193968296051025e-01
5.773024559020996094e-01
4.857415258884429932e-01
3.230254352092742920e-02
5.693030729889869690e-02
1.864305734634399414e-01
3.046221172553487122e-05
7.633934020996093750e-01
9.380038976669311523e-01
7.529633045196533203e-01
6.495504975318908691e-01
4.746372997760772705e-01
4.103841781616210938e-01
5.804250240325927734e-01
6.645572185516357422e-01
3.448145091533660889e-01
8.873462677001953125e-01
1.719204932451248169e-01
2.728936374187469482e-01
5.417160391807556152e-01
5.718221664428710938e-01
3.420738279819488525e-01
6.654224395751953125e-01
5.128668546676635742e-01
3.595168590545654297e-01
5.651907324790954590e-01
5.342090129852294922e-01
9.174396991729736328e-01
5.001795291900634766e-01
5.405159592628479004e-01
5.153242945671081543e-01
4.302515387535095215e-01
1.400914192199707031e-01
8.983820676803588867e-01
9.372459650039672852e-01
4.745125770568847656e-01
7.506011128425598145e-01
3.992685973644256592e-01
4.828346669673919678e-01
7.506045103073120117e-01
7.020696997642517090e-01
6.050440669059753418e-01
6.263117790222167969e-01
7.409398555755615234e-01
7.330695986747741699e-01
4.950809478759765625e-01
8.475314974784851074e-01
6.416404247283935547e-01
8.693748712539672852e-01
9.258713722229003906e-01
3.816185295581817627e-01
9.574618339538574219e-01
9.878432750701904297e-01
7.643905878067016602e-01
9.407499432563781738e-01
8.012998104095458984e-01
9.890052080154418945e-01
9.887410402297973633e-01
5.892623662948608398e-01
9.682024121284484863e-01
7.570033073425292969e-01
8.400053977966308594e-01
9.861346483230590820e-01
9.576914310455322266e-01
9.685707092285156250e-01
6.274385452270507812e-01
6.759830713272094727e-01
1.712962090969085693e-01
9.258332252502441406e-01
5.178655385971069336e-01
4.995501339435577393e-01
9.972770214080810547e-01
4.212344288825988770e-01
6.916956305503845215e-01
4.459266066551208496e-01
8.009780049324035645e-01
4.626416265964508057e-01
4.944246411323547363e-01
4.448062181472778320e-01
5.532678961753845215e-01
9.882724285125732422e-01
4.806740581989288330e-01
4.713554382324218750e-01
3.996164202690124512e-01
4.111884161829948425e-02
6.094796657562255859e-01
6.256633996963500977e-01
5.490065813064575195e-01
6.590895652770996094e-01
5.172979831695556641e-01
6.260689496994018555e-01
6.270772814750671387e-01
8.503154516220092773e-01
9.487349987030029297e-01
8.167201280593872070e-01
5.979725122451782227e-01
6.953923702239990234e-01
8.684670925140380859e-01
9.286666512489318848e-01
7.402267456054687500e-01
7.199754714965820312e-01
9.294939041137695312e-01
8.058135509490966797e-01
7.382946014404296875e-01
7.018250823020935059e-01
6.965469717979431152e-01
8.782051801681518555e-01
3.773781061172485352e-01
7.207274436950683594e-01
7.161513566970825195e-01
7.573909759521484375e-01
6.410072445869445801e-01
8.158681392669677734e-01
9.932319521903991699e-01
9.805588722229003906e-01
8.292939066886901855e-01
6.726386547088623047e-01
6.915919184684753418e-01
3.038228675723075867e-02
1.238518208265304565e-01
4.801142215728759766e-01
3.677089214324951172e-01
4.835627675056457520e-01
8.253325223922729492e-01
7.619106769561767578e-01
4.475443363189697266e-01
7.177385687828063965e-01
1.340991705656051636e-01
3.586339354515075684e-01
1.386388242244720459e-01
7.219158113002777100e-03
2.856941223144531250e-01
4.842787981033325195e-01
6.704439520835876465e-01
1.577326059341430664e-01
2.503589093685150146e-01
1.756864786148071289e-01
3.110679090023040771e-01
4.452770650386810303e-01
8.082729578018188477e-01
4.030680656433105469e-01
5.088207125663757324e-01
2.731092274188995361e-01
4.282050132751464844e-01
7.351919412612915039e-01
2.291876077651977539e-01
6.993547677993774414e-01
6.851031780242919922e-01
4.019151031970977783e-01
7.086257338523864746e-01
6.538026332855224609e-01
6.130825877189636230e-01
8.131923675537109375e-01
3.361091315746307373e-01
5.425400733947753906e-01
5.800070762634277344e-01
8.070556521415710449e-01
4.202256798744201660e-01
4.457042813301086426e-01
8.696584701538085938e-01
7.061257362365722656e-01
4.208443760871887207e-01
7.424768805503845215e-01
2.080894708633422852e-01
2.109753340482711792e-01
8.553553819656372070e-01
8.008018881082534790e-02
5.915958285331726074e-01
7.325771450996398926e-01
3.020174801349639893e-01
7.842525839805603027e-01
3.388419747352600098e-01
7.262911200523376465e-01
3.590941429138183594e-01
6.120959520339965820e-01
3.237146437168121338e-01
5.605748891830444336e-01
8.068298101425170898e-01
6.984152793884277344e-01
4.858813881874084473e-01
5.246281623840332031e-01
6.822654008865356445e-01
9.880732297897338867e-01
8.934540152549743652e-01
7.663721442222595215e-01
6.872660517692565918e-01
7.340052127838134766e-01
6.200170516967773438e-01
8.771240711212158203e-01
6.768482327461242676e-01
5.252776145935058594e-01
8.911592960357666016e-01
9.045417308807373047e-01
7.766550183296203613e-01
7.895824909210205078e-01
9.390431642532348633e-01
9.400490522384643555e-01
5.092501640319824219e-01
5.105903148651123047e-01
4.246922135353088379e-01
6.030039787292480469e-01
8.415837883949279785e-01
9.011207818984985352e-01
9.376443028450012207e-01
6.231623888015747070e-01
9.041988253593444824e-01
5.863789916038513184e-01
8.095546960830688477e-01
7.395726442337036133e-01
8.958051204681396484e-01
9.243785142898559570e-01
5.424562692642211914e-01
5.630729198455810547e-01
4.744580388069152832e-01
8.197556138038635254e-01
6.714890599250793457e-01
7.637041807174682617e-01
6.291531324386596680e-01
8.668241500854492188e-01
7.657045125961303711e-01
7.435250878334045410e-01
9.512750506401062012e-01
1.942516863346099854e-01
7.345196008682250977e-01
8.933873176574707031e-01
6.829692125320434570e-01
6.206132173538208008e-01
2.333568334579467773e-01
1.859323382377624512e-01
9.689892530441284180e-01
7.846345901489257812e-01
6.969029903411865234e-01
6.864794492721557617e-01
8.166787624359130859e-01
1.103675663471221924e-01
9.664717316627502441e-01
1.945167630910873413e-01
8.467497825622558594e-01
2.185863554477691650e-01
6.653267145156860352e-01
4.083456993103027344e-01
2.151256203651428223e-01
9.972850084304809570e-01
7.805301547050476074e-01
7.246898412704467773e-01
7.785141468048095703e-01
7.844480685889720917e-03
7.162257432937622070e-01
4.767814576625823975e-01
4.510932862758636475e-01
7.924637794494628906e-01
6.787244677543640137e-01
6.808986663818359375e-01
5.929081439971923828e-01
5.343968272209167480e-01
4.608917832374572754e-01
7.611805796623229980e-01
3.443046808242797852e-01
6.547416448593139648e-01
4.938750267028808594e-01
7.190474867820739746e-01
7.762901782989501953e-01
9.540151357650756836e-01
7.865977287292480469e-01
6.997603774070739746e-01
4.929216504096984863e-01
8.873492479324340820e-01
5.860000848770141602e-01
4.411288797855377197e-01
2.674618959426879883e-01
5.670495033264160156e-01
4.547061920166015625e-01
6.750250458717346191e-01
6.951673626899719238e-01
3.271443545818328857e-01
6.257577538490295410e-01
9.374869465827941895e-01
8.521856069564819336e-01
6.028493046760559082e-01
7.120530009269714355e-01
8.574765324592590332e-01
3.176420629024505615e-01
6.950860619544982910e-01
9.767642021179199219e-01
9.507913589477539062e-01
6.381545066833496094e-01
8.726145029067993164e-01
6.988706588745117188e-01
2.936930656433105469e-01
5.068196654319763184e-01
5.158798098564147949e-01
4.391866922378540039e-01
3.412063121795654297e-01
2.705498933792114258e-01
6.430585682392120361e-02
6.598801016807556152e-01
1.673206239938735962e-01
7.168682217597961426e-01
9.139460325241088867e-01
4.825679957866668701e-01
4.774414598941802979e-01
4.521147608757019043e-01
4.132072627544403076e-02
6.834123730659484863e-01
3.883500397205352783e-01
9.584929943084716797e-01
4.504055380821228027e-01
1.807358115911483765e-01
4.686380028724670410e-01
5.351872444152832031e-01
7.311773300170898438e-01
8.642929047346115112e-02
2.882930040359497070e-01
1.311257183551788330e-01
1.907899379730224609e-01
8.027185201644897461e-01
3.022918701171875000e-01
2.814376056194305420e-01
5.277309417724609375e-01
1.941490620374679565e-01
7.595784664154052734e-01
5.843446403741836548e-02
1.364835053682327271e-01
5.496667027473449707e-01
2.813912928104400635e-01
5.398011207580566406e-01
1.961898356676101685e-01
8.477421104907989502e-02
4.879117012023925781e-01
5.473990440368652344e-01
8.487421274185180664e-01
7.044640779495239258e-01
6.470365524291992188e-01
8.664766550064086914e-01
5.536143183708190918e-01
4.744831919670104980e-01
7.385744452476501465e-01
4.969439506530761719e-01
3.542164564132690430e-01
4.184856414794921875e-01
4.702698588371276855e-01
7.662268280982971191e-01
2.529817819595336914e-01
3.411290049552917480e-01
8.264006972312927246e-01
2.769236564636230469e-01
8.037948012351989746e-01
5.270697474479675293e-01
5.030940771102905273e-01
8.408807516098022461e-01
9.521722793579101562e-01
9.853889942169189453e-01
5.183099508285522461e-01
5.765733718872070312e-01
2.516866922378540039e-01
3.407062962651252747e-02
6.109779477119445801e-01
2.072898745536804199e-01
1.395602822303771973e-01
6.591352820396423340e-01
2.516711354255676270e-01
4.720060825347900391e-01
5.120970010757446289e-01
6.525004506111145020e-01
6.401288509368896484e-01
6.805110573768615723e-01
4.041846990585327148e-01
7.203199863433837891e-01
9.729584455490112305e-01
3.926201462745666504e-01
5.350462794303894043e-01
8.964200019836425781e-01
6.709035634994506836e-01
5.251721143722534180e-01
6.591072678565979004e-01
9.884509444236755371e-01
9.373524188995361328e-01
9.202301502227783203e-01
7.199912667274475098e-01
8.560951948165893555e-01
9.620901346206665039e-01
8.686437606811523438e-01
9.892190098762512207e-01
5.545812249183654785e-01
9.956095814704895020e-01
6.963570117950439453e-01
2.794015407562255859e-01
6.782447099685668945e-01
5.917187929153442383e-01
3.673965930938720703e-01
5.464319586753845215e-01
6.652467250823974609e-01
4.987686872482299805e-01
8.242427706718444824e-01
1.025750786066055298e-01
4.791378974914550781e-01
5.440773963928222656e-01
2.391634285449981689e-01
5.442240238189697266e-01
2.344290614128112793e-01
7.432907819747924805e-01
5.513472557067871094e-01
6.748431324958801270e-01
3.593960702419281006e-01
8.707772493362426758e-01
6.078285574913024902e-01
5.011444091796875000e-01
3.898176550865173340e-01
6.035506725311279297e-01
7.868616580963134766e-01
4.386327415704727173e-02
5.052188038825988770e-01
3.066579997539520264e-01
1.941649615764617920e-01
6.120554208755493164e-01
7.037346959114074707e-01
5.925861597061157227e-01
8.133639097213745117e-01
3.549239039421081543e-01
6.912040710449218750e-01
5.034310817718505859e-01
7.295610904693603516e-01
8.046533167362213135e-02
7.999772205948829651e-03
3.485991060733795166e-01
6.621987819671630859e-01
7.676979303359985352e-01
6.234780550003051758e-01
5.601092576980590820e-01
6.334110498428344727e-01
9.130517840385437012e-01
7.508267164230346680e-01
2.924687862396240234e-01
9.456259012222290039e-01
1.907580345869064331e-01
8.513979911804199219e-01
1.589460223913192749e-01
9.625747799873352051e-01
9.312403202056884766e-01
8.091997504234313965e-01
9.802904129028320312e-01
7.262446880340576172e-01
7.687774896621704102e-01
9.038980007171630859e-01
8.415889739990234375e-01
4.179369211196899414e-01
5.021733045578002930e-01
5.904750823974609375e-01
5.898321270942687988e-01
6.584970951080322266e-01
4.502198100090026855e-01
5.891406536102294922e-01
5.383982658386230469e-01
1.026844978332519531e-01
8.260070085525512695e-01
3.479413688182830811e-01
7.312998771667480469e-01
9.599537849426269531e-01
2.608787715435028076e-01
6.863031387329101562e-01
6.955304145812988281e-01
6.205502748489379883e-01
4.646868705749511719e-01
8.365654945373535156e-01
2.767332494258880615e-01
4.419637918472290039e-01
1.289143264293670654e-01
6.162904500961303711e-01
7.966291904449462891e-02
3.041696846485137939e-01
2.410003244876861572e-01
3.221046030521392822e-01
5.721757411956787109e-01
9.826937317848205566e-01
7.024636864662170410e-01
5.874050855636596680e-01
6.874709129333496094e-01
5.695102214813232422e-01
5.181844234466552734e-01
1.988971233367919922e-01
3.123671412467956543e-01
2.080195546150207520e-01
3.677789270877838135e-01
5.160120129585266113e-01
8.587942123413085938e-01
4.520107805728912354e-01
4.542452096939086914e-01
7.453089207410812378e-02
9.903100728988647461e-01
9.828832149505615234e-01
9.104236364364624023e-01
9.290311336517333984e-01
9.411417245864868164e-01
7.553391456604003906e-01
9.528170824050903320e-01
7.462365031242370605e-01
6.972659826278686523e-01
5.405611395835876465e-01
7.452048063278198242e-01
9.762654304504394531e-01
8.481189608573913574e-01
5.581405162811279297e-01
7.942420244216918945e-01
4.583529829978942871e-01
5.698140859603881836e-01
7.677278518676757812e-01
7.225373983383178711e-01
2.078029811382293701e-01
4.755986630916595459e-01
9.913065433502197266e-01
3.900496959686279297e-01
3.656543791294097900e-01
3.004670441150665283e-01
1.942390501499176025e-01
8.017468452453613281e-01
7.316530942916870117e-01
7.391657829284667969e-01
6.348114013671875000e-01
4.815914630889892578e-01
4.084392488002777100e-01
7.827514410018920898e-01
3.974458277225494385e-01
7.388938069343566895e-01
2.020706087350845337e-01
9.628857374191284180e-01
2.621161341667175293e-01
2.369783818721771240e-01
6.784256696701049805e-01
6.791741251945495605e-01
6.972966194152832031e-01
7.279917001724243164e-01
3.470896929502487183e-02
6.133152246475219727e-01
4.795436859130859375e-01
1.064625158905982971e-01
6.916247606277465820e-01
8.459980487823486328e-01
4.699770212173461914e-01
8.030680418014526367e-01
6.974518299102783203e-01
8.786839246749877930e-01
4.763859510421752930e-01
2.857531309127807617e-01
5.803000926971435547e-01
6.844452768564224243e-02
5.577762126922607422e-01
2.886469662189483643e-01
3.779926002025604248e-01
8.700504302978515625e-01
8.786910772323608398e-01
2.557907104492187500e-01
7.086924314498901367e-01
6.432557702064514160e-01
9.797106981277465820e-01
3.732990324497222900e-01
5.196356177330017090e-01
8.017283678054809570e-01
7.969089746475219727e-01
8.154908418655395508e-01
3.855102658271789551e-01
7.460888624191284180e-01
4.926630258560180664e-01
7.156945466995239258e-01
5.088324099779129028e-02
9.319431781768798828e-01
5.101169943809509277e-01
9.773218035697937012e-01
6.660064458847045898e-01
1.882249116897583008e-01
8.000301122665405273e-01
5.334156155586242676e-01
8.025225400924682617e-01
6.368323564529418945e-01
3.948254585266113281e-01
4.475110173225402832e-01
9.493163824081420898e-01
5.576059222221374512e-01
8.872660398483276367e-01
1.757849603891372681e-01
5.576425194740295410e-01
9.881517887115478516e-01
6.185924410820007324e-01
9.386249780654907227e-01
9.010851979255676270e-01
7.371464371681213379e-01
5.279808640480041504e-01
2.300764024257659912e-01
6.983323097229003906e-01
6.735866665840148926e-01
5.227488279342651367e-01
4.495914578437805176e-01
4.195903837680816650e-01
3.344218432903289795e-01
6.319780349731445312e-01
6.861647963523864746e-01
4.416538476943969727e-01
6.779830455780029297e-01
4.810261130332946777e-01
5.200115442276000977e-01
9.234401583671569824e-01
2.560069859027862549e-01
5.537446737289428711e-01
5.108189582824707031e-01
3.929001986980438232e-01
5.876973271369934082e-01
2.119111120700836182e-01
5.375146865844726562e-01
5.976123809814453125e-01
8.017514944076538086e-01
4.985983967781066895e-01
7.656024694442749023e-01
9.798055887222290039e-01
7.481092214584350586e-01
5.343814492225646973e-01
7.784008979797363281e-01
6.450939774513244629e-01
2.062568068504333496e-01
5.899401903152465820e-01
7.412961721420288086e-01
5.081045627593994141e-01
2.267540991306304932e-01
2.299820482730865479e-01
3.354333639144897461e-01
5.916564464569091797e-01
7.217329740524291992e-01
7.369449734687805176e-01
9.799140691757202148e-01
4.736862182617187500e-01
4.360098242759704590e-01
5.196486711502075195e-01
7.755373716354370117e-01
6.270911693572998047e-01
9.438193440437316895e-01
5.996751785278320312e-01
6.503074765205383301e-01
3.274869918823242188e-01
4.373917281627655029e-01
7.924481630325317383e-01
6.369441747665405273e-01
6.131208539009094238e-01
7.437153458595275879e-01
5.062799453735351562e-01
8.648211956024169922e-01
4.429109096527099609e-01
5.894570350646972656e-01
5.410835146903991699e-01
5.745571255683898926e-01
4.044471979141235352e-01
7.747389078140258789e-01
9.571801424026489258e-01
6.096795201301574707e-01
5.789399743080139160e-01
5.888915657997131348e-01
1.029887720942497253e-01
4.025037884712219238e-01
6.575390100479125977e-01
9.678733348846435547e-01
9.522757530212402344e-01
7.772921323776245117e-01
6.683897972106933594e-01
8.353217840194702148e-01
3.322479724884033203e-01
9.448140859603881836e-01
7.839801311492919922e-01
8.746066093444824219e-01
3.496482670307159424e-01
5.641154646873474121e-01
6.223680973052978516e-01
6.920188069343566895e-01
4.819835722446441650e-01
5.106015801429748535e-01
5.833225250244140625e-01
4.128607213497161865e-01
4.640339910984039307e-01
8.425222635269165039e-01
5.704199075698852539e-01
7.813782691955566406e-01
2.277024239301681519e-01
6.428495645523071289e-01
2.587038278579711914e-01
2.907999455928802490e-01
4.241327643394470215e-01
2.958708107471466064e-01
8.257993459701538086e-01
8.536847829818725586e-01
6.313236355781555176e-01
3.591134250164031982e-01
5.089208483695983887e-01
3.616166412830352783e-01
7.311768531799316406e-01
2.813548743724822998e-01
4.380634427070617676e-01
4.756630659103393555e-01
4.418466985225677490e-01
4.792224764823913574e-01
4.434973597526550293e-01
6.092382669448852539e-01
5.593881607055664062e-01
6.025110483169555664e-01
9.265585541725158691e-01
8.842323422431945801e-01
6.316265463829040527e-01
7.472997307777404785e-01
2.576403617858886719e-01
2.675741314888000488e-01
1.036152839660644531e-01
9.755707383155822754e-01
7.145000100135803223e-01
2.754772603511810303e-01
6.643776893615722656e-01
9.488399028778076172e-01
5.566945672035217285e-01
7.772057652473449707e-01
5.742100477218627930e-01
5.659642219543457031e-01
5.313525199890136719e-01
2.704385519027709961e-01
1.338343322277069092e-01
6.859019994735717773e-01
7.450713515281677246e-01
4.736075401306152344e-01
9.036228656768798828e-01
7.855519056320190430e-01
5.792711973190307617e-01
5.478872060775756836e-01
5.859836935997009277e-01
9.294064044952392578e-01
8.510085344314575195e-01
2.795963883399963379e-01
8.603315353393554688e-01
7.030051946640014648e-01
9.134819507598876953e-01
4.739510416984558105e-01
4.632403850555419922e-01
5.732966661453247070e-01
9.341138005256652832e-01
6.640276312828063965e-01
5.025973320007324219e-01
7.491191029548645020e-01
6.371879577636718750e-01
6.940991878509521484e-01
6.538519859313964844e-01
7.125735282897949219e-01
8.015339374542236328e-01
8.098133206367492676e-01
8.994851708412170410e-01
4.261565506458282471e-01
3.145979642868041992e-01
3.883936703205108643e-01
6.654893159866333008e-01
4.301480352878570557e-01
9.259598851203918457e-01
1.555776447057723999e-01
7.141555547714233398e-01
9.970335960388183594e-01
9.697367548942565918e-01
2.167898118495941162e-01
9.908920526504516602e-01
9.889153242111206055e-01
9.072995185852050781e-01
9.689403772354125977e-01
9.884584546089172363e-01
7.114691734313964844e-01
7.785099744796752930e-01
9.968183040618896484e-01
8.269486427307128906e-01
7.977438569068908691e-01
5.083855390548706055e-01
8.689409494400024414e-01
9.759695529937744141e-01
2.809607386589050293e-01
6.995482444763183594e-01
6.305244565010070801e-01
6.010972261428833008e-01
7.064079046249389648e-01
4.102279841899871826e-01
6.800794601440429688e-01
3.936271369457244873e-01
2.726805508136749268e-01
2.251497954130172729e-01
7.537442445755004883e-01
8.786786794662475586e-01
4.363362789154052734e-01
5.755903720855712891e-01
4.045649766921997070e-01
9.357867240905761719e-01
8.356908559799194336e-01
6.564881801605224609e-01
8.586912155151367188e-01
8.297296762466430664e-01
5.084140896797180176e-01
7.092226743698120117e-01
4.975272417068481445e-01
3.938505947589874268e-01
7.031949162483215332e-01
3.741507530212402344e-01
2.028386145830154419e-01
4.877186119556427002e-01
6.139522194862365723e-01
2.312915027141571045e-01
9.196916818618774414e-01
4.219161272048950195e-01
2.382031679153442383e-01
6.344088315963745117e-01
6.700655817985534668e-01
4.120115041732788086e-01
5.100314617156982422e-01
5.936700701713562012e-01
6.207572668790817261e-02
4.044678211212158203e-01
1.911859065294265747e-01
1.592728793621063232e-01
1.170263960957527161e-01
9.680242091417312622e-02
6.437055468559265137e-01
5.690594911575317383e-01
2.280477732419967651e-01
3.797184824943542480e-01
4.436486363410949707e-01
4.756796360015869141e-01
2.956526875495910645e-01
4.292083382606506348e-01
5.702716708183288574e-01
5.200883746147155762e-01
5.326280593872070312e-01
8.369477987289428711e-01
6.935515999794006348e-01
9.963383674621582031e-01
5.881692171096801758e-01
9.948251843452453613e-01
7.427310943603515625e-01
4.118633270263671875e-01
4.596967697143554688e-01
7.462085485458374023e-01
7.605584263801574707e-01
9.154454469680786133e-01
7.160793542861938477e-01
7.763577699661254883e-01
8.457659482955932617e-01
8.591455817222595215e-01
7.080487012863159180e-01
8.570015430450439453e-01
4.621228575706481934e-01
9.001282453536987305e-01
7.309883236885070801e-01
5.556269288063049316e-01
6.771952509880065918e-01
1.950807124376296997e-01
3.601818084716796875e-01
3.795142769813537598e-01
4.749280810356140137e-01
4.912716150283813477e-01
4.413179755210876465e-01
4.145925939083099365e-01
3.517754077911376953e-01
5.248979330062866211e-01
7.845624685287475586e-01
1.039051264524459839e-01
5.263273119926452637e-01
1.399147808551788330e-01
1.292478442192077637e-01
5.593814253807067871e-01
6.187971830368041992e-01
2.767732441425323486e-01
4.439935088157653809e-01
7.573544979095458984e-01
4.135121703147888184e-01
7.177908420562744141e-01
6.852638721466064453e-01
3.271181285381317139e-01
5.513393282890319824e-01
2.327468842267990112e-01
6.358880996704101562e-01
1.621919870376586914e-01
3.175597190856933594e-01
8.092131614685058594e-01
7.443869113922119141e-02
1.356612592935562134e-01
8.749749660491943359e-01
7.403255701065063477e-01
3.064896464347839355e-01
4.644086360931396484e-01
2.377998828887939453e-01
4.875369668006896973e-01
4.829361438751220703e-01
4.398152232170104980e-01
1.841684132814407349e-01
7.289415001869201660e-01
1.768746376037597656e-01
5.342324376106262207e-01
6.818924844264984131e-02
4.043462872505187988e-01
5.662546157836914062e-01
3.337966203689575195e-01
6.169962286949157715e-01
8.818252086639404297e-01
4.552170634269714355e-01
3.456778526306152344e-01
6.587779521942138672e-01
1.225221678614616394e-01
4.189611673355102539e-01
5.476197600364685059e-01
3.361939489841461182e-01
3.736199140548706055e-01
2.829067409038543701e-01
4.284951686859130859e-01
4.804178476333618164e-01
8.939148187637329102e-01
8.070553541183471680e-01
9.195928573608398438e-01
3.501089811325073242e-01
9.237886071205139160e-01
7.431072592735290527e-01
5.350291728973388672e-01
4.992569684982299805e-01
5.547261238098144531e-01
4.702062904834747314e-01
7.991210222244262695e-01
5.752240419387817383e-01
6.582839488983154297e-01
9.565551280975341797e-01
9.834718704223632812e-01
7.570147514343261719e-01
9.660203456878662109e-01
4.586266875267028809e-01
9.783514142036437988e-01
7.683414220809936523e-01
4.738419353961944580e-01
8.394777774810791016e-01
3.972448408603668213e-01
1.589364111423492432e-01
7.631783485412597656e-01
6.227740049362182617e-01
6.272121071815490723e-01
7.594169378280639648e-01
3.285509049892425537e-01
4.753558337688446045e-01
7.189747691154479980e-01
4.153381586074829102e-01
7.342218160629272461e-01
4.524676799774169922e-01
3.489928543567657471e-01
4.561878740787506104e-01
5.407002568244934082e-01
6.124024987220764160e-01
3.004100918769836426e-01
9.609991908073425293e-01
1.457133293151855469e-01
3.657221794128417969e-01
7.105779647827148438e-01
3.917948901653289795e-02
4.356058239936828613e-01
8.293477296829223633e-01
4.696708321571350098e-01
4.654676914215087891e-01
7.501802444458007812e-01
5.613337755203247070e-01
3.274566233158111572e-01
5.575078725814819336e-01
4.152444601058959961e-01
4.764796793460845947e-01
9.449170529842376709e-02
4.590530693531036377e-01
5.443247556686401367e-01
6.000298261642456055e-01
1.059964001178741455e-01
4.692767858505249023e-01
8.852005004882812500e-01
6.567053794860839844e-01
9.539114236831665039e-01
9.876019954681396484e-01
4.668554961681365967e-01
5.676653385162353516e-01
4.871486723423004150e-01
9.602665901184082031e-01
9.126427173614501953e-01
7.459496259689331055e-01
8.935762047767639160e-01
1.861310899257659912e-01
9.514583945274353027e-01
7.412793040275573730e-01
7.938834428787231445e-01
8.995997905731201172e-01
7.549619674682617188e-01
8.754123449325561523e-01
8.413693904876708984e-01
8.866067528724670410e-01
6.623317301273345947e-02
2.770515978336334229e-01
4.209327101707458496e-01
3.299707770347595215e-01
6.272752285003662109e-01
2.047581672668457031e-01
3.870458006858825684e-01
6.124289631843566895e-01
5.573773384094238281e-01
5.290766805410385132e-02
5.061244592070579529e-02
3.144459798932075500e-02
3.175674676895141602e-01
4.229456484317779541e-01
1.600857377052307129e-01
3.618982434272766113e-01
5.552546381950378418e-01
2.663647532463073730e-01
2.032474577426910400e-01
6.723634004592895508e-01
7.827174663543701172e-01
6.030538082122802734e-01
4.515324234962463379e-01
6.062147617340087891e-01
7.312940359115600586e-01
9.956330657005310059e-01
9.950224757194519043e-01
9.818875789642333984e-01
5.407670736312866211e-01
6.284473538398742676e-01
7.574167251586914062e-01
9.829512834548950195e-01
9.911013841629028320e-01
8.946360349655151367e-01
8.547468781471252441e-01
6.991576552391052246e-01
9.111992716789245605e-01
8.457891345024108887e-01
5.922157168388366699e-01
6.384724378585815430e-01
6.564821004867553711e-01
7.793011143803596497e-03
3.553678989410400391e-01
5.822720527648925781e-01
9.570810794830322266e-01
4.427272081375122070e-01
7.805250287055969238e-01
4.815239906311035156e-01
5.428583621978759766e-01
2.474963068962097168e-01
8.766038417816162109e-01
8.303197622299194336e-01
9.570596218109130859e-01
5.859920978546142578e-01
6.596714258193969727e-01
7.686091661453247070e-01
5.831925868988037109e-01
4.980157613754272461e-01
5.091219544410705566e-01
9.819071292877197266e-01
8.141133785247802734e-01
9.759791493415832520e-01
6.790313720703125000e-01
7.493329048156738281e-01
2.337167412042617798e-01
5.258435010910034180e-01
9.405295252799987793e-01
7.217341661453247070e-01
9.753620624542236328e-01
9.442100524902343750e-01
7.099964618682861328e-01
6.847068071365356445e-01
7.222585678100585938e-01
6.893482208251953125e-01
9.602814912796020508e-01
4.216313958168029785e-01
6.306231617927551270e-01
8.464926481246948242e-01
4.153925180435180664e-01
9.017573595046997070e-01
6.034924387931823730e-01
3.203244507312774658e-01
6.447638273239135742e-01
8.783347606658935547e-01
9.208573102951049805e-01
2.793929576873779297e-01
6.258442401885986328e-01
1.401579976081848145e-01
4.982144236564636230e-01
2.023637592792510986e-01
9.736954569816589355e-01
9.996297359466552734e-01
6.930387616157531738e-01
5.806092023849487305e-01
3.772345185279846191e-01
8.518222570419311523e-01
9.282261133193969727e-01
4.795229434967041016e-01
6.946889758110046387e-01
8.358600139617919922e-01
1.557826995849609375e-01
9.366624355316162109e-01
9.665737152099609375e-01
1.637375354766845703e-01
5.993722677230834961e-01
4.441763162612915039e-01
6.397011876106262207e-01
5.419634580612182617e-01
4.936464130878448486e-01
8.272403478622436523e-01
9.799354076385498047e-01
5.302229523658752441e-01
6.999366283416748047e-01
6.998556256294250488e-01
5.902811884880065918e-01
9.830481410026550293e-01
9.373738765716552734e-01
7.662799358367919922e-01
5.692853331565856934e-01
1.745093762874603271e-01
4.344843029975891113e-01
9.135223627090454102e-01
7.666907310485839844e-01
8.837616443634033203e-01
3.012639284133911133e-01
7.580564022064208984e-01
8.070442676544189453e-01
6.559128761291503906e-01
7.061502933502197266e-01
6.809272170066833496e-01
9.469603300094604492e-01
4.104010462760925293e-01
5.923503637313842773e-01
6.499098539352416992e-01
7.761946916580200195e-01
3.603701591491699219e-01
8.828507065773010254e-01
6.366996765136718750e-01
7.038493752479553223e-01
8.007011413574218750e-01
9.872619509696960449e-01
9.365586042404174805e-01
4.742570519447326660e-01
7.611724138259887695e-01
7.676726579666137695e-01
9.971470832824707031e-01
8.685066699981689453e-01
6.861292719841003418e-01
8.547836542129516602e-01
3.800718784332275391e-01
9.070165753364562988e-01
9.590204954147338867e-01
7.689765691757202148e-01
9.763158559799194336e-01
8.790830969810485840e-01
9.773695468902587891e-01
4.853171706199645996e-01
7.338010668754577637e-01
9.170045852661132812e-01
8.323014378547668457e-01
3.796011805534362793e-01
9.332170486450195312e-01
3.489288687705993652e-01
1.087783128023147583e-01
4.661863148212432861e-01
4.015559554100036621e-01
6.921178698539733887e-01
1.171733513474464417e-01
3.667349517345428467e-01
2.168145217001438141e-02
5.047596096992492676e-01
7.736749649047851562e-01
9.306172132492065430e-01
3.211477696895599365e-01
2.640755176544189453e-01
7.728190422058105469e-01
7.290971875190734863e-01
7.361967861652374268e-02
9.297553300857543945e-01
3.545126914978027344e-01
5.000202059745788574e-01
6.492432951927185059e-01
3.543777763843536377e-01
6.199706792831420898e-01
9.314545989036560059e-01
9.842736124992370605e-01
8.124829530715942383e-01
2.688509821891784668e-01
7.083498835563659668e-01
8.106029629707336426e-01
9.759006500244140625e-01
4.374469816684722900e-01
7.520213127136230469e-01
4.533948004245758057e-01
9.470866918563842773e-01
4.393418133258819580e-01
5.279289484024047852e-01
2.115479111671447754e-01
9.190866947174072266e-01
5.567104816436767578e-01
1.982944905757904053e-01
9.918569326400756836e-01
5.926864147186279297e-01
7.094140052795410156e-01
1.979605406522750854e-01
2.342618107795715332e-01
8.881989121437072754e-01
9.974150657653808594e-01
3.609372377395629883e-01
4.607196450233459473e-01
3.661407530307769775e-01
7.559044361114501953e-01
9.524457454681396484e-01
4.322665333747863770e-01
5.873024463653564453e-01
6.392496824264526367e-01
8.987283706665039062e-01
3.494567871093750000e-01
5.151133537292480469e-01
3.135911822319030762e-01
4.438636004924774170e-01
5.754503011703491211e-01
5.892295241355895996e-01
1.890283226966857910e-01
5.476469993591308594e-01
3.960918188095092773e-01
7.625724077224731445e-01
5.291683673858642578e-01
5.131104588508605957e-01
3.933650255203247070e-01
4.928528964519500732e-01
2.580670416355133057e-01
5.396338701248168945e-01
3.594178259372711182e-01
6.540612578392028809e-01
4.375301003456115723e-01
4.838683605194091797e-01
1.468376722186803818e-02
4.284344315528869629e-01
4.586132168769836426e-01
6.059463024139404297e-01
7.009305953979492188e-01
5.229481458663940430e-01
6.040580272674560547e-01
4.700535833835601807e-01
3.939217329025268555e-01
2.916345000267028809e-01
4.940740764141082764e-01
7.195554971694946289e-01
6.975480318069458008e-01
5.157522559165954590e-01
3.608214855194091797e-01
6.055369377136230469e-01
2.297844141721725464e-01
5.636501312255859375e-01
5.597659349441528320e-01
3.972517251968383789e-01
7.197413444519042969e-01
7.122615575790405273e-01
6.799032688140869141e-01
8.119054138660430908e-02
3.869169158861041069e-03
5.358027815818786621e-01
1.897819936275482178e-01
9.224450588226318359e-01
2.197295874357223511e-01
1.908261328935623169e-01
2.572043538093566895e-01
4.875859022140502930e-01
9.717859029769897461e-01
2.412576377391815186e-01
9.502584487199783325e-02
1.077507659792900085e-01
6.971917748451232910e-01
6.922305822372436523e-01
8.349398374557495117e-01
9.552173614501953125e-01
8.059082031250000000e-01
2.392390072345733643e-01
1.504118442535400391e-01
4.565534368157386780e-02
4.581545293331146240e-02
4.331657886505126953e-01
1.785525232553482056e-01
1.276898086071014404e-01
6.419543176889419556e-02
8.974270224571228027e-01
1.515543013811111450e-01
6.572923660278320312e-01
3.564025759696960449e-01
6.610414981842041016e-01
8.467708826065063477e-01
5.931605696678161621e-01
1.540532708168029785e-01
3.000861406326293945e-01
2.875854074954986572e-01
4.419858455657958984e-01
4.346323311328887939e-01
3.357755541801452637e-01
1.440821141004562378e-01
3.679490983486175537e-01
2.496161609888076782e-01
4.388479292392730713e-01
6.067717075347900391e-01
7.918592691421508789e-01
9.088433384895324707e-01
4.731988310813903809e-01
2.354480922222137451e-01
1.044382005929946899e-01
3.283994793891906738e-01
9.754446148872375488e-02
4.755524694919586182e-01
4.179647564888000488e-02
3.600391149520874023e-01
6.269915699958801270e-01
9.856612682342529297e-01
6.572256088256835938e-01
4.395460486412048340e-01
2.081770002841949463e-01
5.172395110130310059e-01
9.069371223449707031e-01
7.138551473617553711e-01
7.784438133239746094e-01
9.607862234115600586e-01
7.996317148208618164e-01
4.205335974693298340e-01
6.265996098518371582e-01
8.005477190017700195e-01
7.102618813514709473e-01
8.450301289558410645e-01
6.888993978500366211e-01
8.852702379226684570e-01
3.339891433715820312e-01
9.243676662445068359e-01
7.386734485626220703e-01
9.943572282791137695e-01
7.156268954277038574e-01
5.850468873977661133e-01
7.948226928710937500e-01
7.532227039337158203e-01
1.241255626082420349e-01
4.752032756805419922e-01
6.272686719894409180e-01
2.562809586524963379e-01
2.535042464733123779e-01
4.960792064666748047e-01
8.474305272102355957e-02
3.803577721118927002e-01
5.235657095909118652e-01
3.976327478885650635e-01
6.012629270553588867e-01
4.728372097015380859e-01
5.154878497123718262e-01
4.493921399116516113e-01
6.106092333793640137e-01
5.000438094139099121e-01
5.437101125717163086e-01
5.623928308486938477e-01
6.514367461204528809e-01
5.204118490219116211e-01
8.574311733245849609e-01
5.654515624046325684e-01
8.920423388481140137e-01
3.936748504638671875e-01
4.588593840599060059e-01
5.153111219406127930e-01
4.292994141578674316e-01
6.714630722999572754e-01
9.752550721168518066e-01
8.998317718505859375e-01
3.300091922283172607e-01
5.716998577117919922e-01
8.198730945587158203e-01
3.934895992279052734e-01
9.520287513732910156e-01
7.643681764602661133e-01
3.995343148708343506e-01
2.851374447345733643e-01
7.328267097473144531e-01
3.259671330451965332e-01
7.490931749343872070e-01
3.102401494979858398e-01
9.996937513351440430e-01
9.911817312240600586e-01
9.512752294540405273e-01
3.705433011054992676e-01
9.315819740295410156e-01
3.651840388774871826e-01
5.068839788436889648e-01
9.375143051147460938e-01
8.109753131866455078e-01
7.148253917694091797e-01
9.453530311584472656e-01
6.668999195098876953e-01
5.246998667716979980e-01
8.939105272293090820e-01
7.289166450500488281e-01
8.178008794784545898e-01
5.912517309188842773e-01
8.957045674324035645e-01
5.125110149383544922e-01
6.400102972984313965e-01
9.684414863586425781e-01
9.654420614242553711e-01
5.525867342948913574e-01
8.634477853775024414e-01
5.147296190261840820e-01
9.796442985534667969e-01
6.643074750900268555e-01
4.107848405838012695e-01
9.813977777957916260e-02
3.456924855709075928e-01
5.316861867904663086e-01
4.973253905773162842e-01
5.158315896987915039e-01
5.613826513290405273e-01
4.959253668785095215e-01
4.097457528114318848e-01
7.166854739189147949e-01
7.018655538558959961e-01
3.475922346115112305e-01
8.417697548866271973e-01
4.955360591411590576e-01
2.593124508857727051e-01
4.607394039630889893e-01
4.621060192584991455e-01
3.438140451908111572e-01
7.873354852199554443e-02
2.015809714794158936e-01
4.724124670028686523e-01
4.057871401309967041e-01
2.905731201171875000e-01
2.301900833845138550e-01
5.009237527847290039e-01
5.223060846328735352e-01
3.571394979953765869e-01
3.465544581413269043e-01
6.577086448669433594e-01
4.831237792968750000e-01
2.953132987022399902e-01
9.153519272804260254e-01
5.586171746253967285e-01
6.767840385437011719e-01
5.740514993667602539e-01
6.582278013229370117e-01
4.577811360359191895e-01
9.479449987411499023e-01
4.571912288665771484e-01
9.757006168365478516e-01
8.765175938606262207e-01
8.385662436485290527e-01
6.257638335227966309e-01
6.124047636985778809e-01
7.108960151672363281e-01
6.047705411911010742e-01
5.617572665214538574e-01
4.824845194816589355e-01
8.928496837615966797e-01
6.470006108283996582e-01
7.609999775886535645e-01
3.741165697574615479e-01
4.286417067050933838e-01
4.838196635246276855e-01
4.810602366924285889e-01
3.105992674827575684e-01
9.999999403953552246e-01
4.438650012016296387e-01
5.431098937988281250e-01
5.742264389991760254e-01
5.035881400108337402e-01
9.999948143959045410e-01
6.043732166290283203e-01
9.776806831359863281e-01
5.284962654113769531e-01
5.505937933921813965e-01
7.095352411270141602e-01
2.783293128013610840e-01
1.657502353191375732e-01
9.406018257141113281e-01
4.235740303993225098e-01
5.980631113052368164e-01
7.469964027404785156e-01
9.429407715797424316e-01
7.547574043273925781e-01
7.784515619277954102e-01
4.762714207172393799e-01
8.528941273689270020e-01
1.267125457525253296e-01
6.099115014076232910e-01
3.183239400386810303e-01
5.892818570137023926e-01
8.197094202041625977e-01
4.799441099166870117e-01
9.879847764968872070e-01
9.033731818199157715e-01
5.791167020797729492e-01
8.539636135101318359e-01
1.279565542936325073e-01
4.114853441715240479e-01
4.399136304855346680e-01
4.945555627346038818e-01
9.810651540756225586e-01
3.240406513214111328e-01
2.019448876380920410e-01
1.364989727735519409e-01
3.921899199485778809e-01
6.254524588584899902e-01
5.725513696670532227e-01
8.335078954696655273e-01
8.168534636497497559e-01
6.619052290916442871e-01
6.128610968589782715e-01
4.165930449962615967e-01
1.389978080987930298e-01
3.473190069198608398e-01
5.986320376396179199e-01
4.912041127681732178e-01
8.177733421325683594e-01
9.900939464569091797e-01
5.919207334518432617e-01
7.886902689933776855e-01
8.390871286392211914e-01
9.900574684143066406e-01
9.609916210174560547e-01
9.163218736648559570e-01
9.520260095596313477e-01
1.053692623972892761e-01
6.973501443862915039e-01
6.470973491668701172e-01
6.869252920150756836e-01
8.557094335556030273e-01
4.675583243370056152e-01
4.432296752929687500e-01
1.621022373437881470e-01
9.817445278167724609e-01
9.780895709991455078e-01
9.780802726745605469e-01
8.199239969253540039e-01
7.388685941696166992e-01
8.172658681869506836e-01
1.708684414625167847e-01
5.698604583740234375e-01
6.318948268890380859e-01
4.113638401031494141e-01
4.725450575351715088e-01
8.211709260940551758e-01
5.622314810752868652e-01
5.030503273010253906e-01
1.933123618364334106e-01
3.800525963306427002e-01
5.718072056770324707e-01
4.630666971206665039e-01
7.505724430084228516e-01
5.902659893035888672e-01
3.247488141059875488e-01
6.574146747589111328e-01
5.750334262847900391e-01
9.786660671234130859e-01
5.555545687675476074e-01
6.143590211868286133e-01
6.355654001235961914e-01
7.251893281936645508e-01
7.039527297019958496e-01
9.101859927177429199e-01
7.031718492507934570e-01
6.284930706024169922e-01
6.175299286842346191e-01
7.452937960624694824e-01
9.489862918853759766e-01
8.739672899246215820e-01
7.013692855834960938e-01
9.478600025177001953e-01
4.016561508178710938e-01
7.543237805366516113e-01
9.500408172607421875e-01
6.565913558006286621e-01
4.558272361755371094e-01
9.143427610397338867e-01
5.211604237556457520e-01
9.339056015014648438e-01
2.346717119216918945e-01
4.701793789863586426e-01
5.111694931983947754e-01
4.347867667675018311e-01
5.645817518234252930e-01
4.458765387535095215e-01
5.940591096878051758e-01
2.511129677295684814e-01
5.435229539871215820e-01
3.617319166660308838e-01
6.430894732475280762e-01
7.844025492668151855e-01
3.257971405982971191e-01
7.106745243072509766e-02
8.544637262821197510e-02
5.548947453498840332e-01
7.144092321395874023e-01
2.245029509067535400e-01
2.734298110008239746e-01
4.478538334369659424e-01
8.079714775085449219e-01
6.641281247138977051e-01
7.894267439842224121e-01
6.003078818321228027e-01
2.444718778133392334e-01
1.000000000000000000e+00
9.125622510910034180e-01
5.383478403091430664e-01
9.444735050201416016e-01
6.735168099403381348e-01
6.718460321426391602e-01
4.265417456626892090e-01
3.021266460418701172e-01
8.323376774787902832e-01
7.051496505737304688e-01
9.596924185752868652e-01
9.818564653396606445e-01
1.618348360061645508e-01
2.664201259613037109e-01
4.842872023582458496e-01
5.343596935272216797e-01
4.577047228813171387e-01
9.173737764358520508e-01
5.848006606101989746e-01
5.469315648078918457e-01
4.594491720199584961e-01
8.623868823051452637e-01
5.919848084449768066e-01
2.279587686061859131e-01
6.555320620536804199e-01
7.782111167907714844e-01
6.192603707313537598e-01
5.683928728103637695e-01
5.579146146774291992e-01
7.729728221893310547e-01
7.732324004173278809e-01
7.399275302886962891e-01
9.977103471755981445e-01
7.196318507194519043e-01
6.689409017562866211e-01
4.422992840409278870e-02
7.246401309967041016e-01
9.655476808547973633e-01
4.324296116828918457e-02
3.736937046051025391e-01
5.088615417480468750e-01
6.275715827941894531e-01
7.238254547119140625e-01
9.980692267417907715e-01
8.266175389289855957e-01
9.799042940139770508e-01
8.330305814743041992e-01
6.086001172661781311e-02
6.289384961128234863e-01
1.992418766021728516e-01
5.079188942909240723e-01
8.113855123519897461e-01
9.061962962150573730e-01
9.936197996139526367e-01
9.842616319656372070e-01
7.083054184913635254e-01
4.773871302604675293e-01
3.530338406562805176e-01
5.287834405899047852e-01
7.821382880210876465e-01
5.403012037277221680e-01
2.646129429340362549e-01
8.452598452568054199e-01
8.624079227447509766e-01
9.201288223266601562e-01
9.295782446861267090e-01
6.309175491333007812e-01
6.254827380180358887e-01
5.550777912139892578e-01
5.442799925804138184e-01
1.774947941303253174e-01
6.543470621109008789e-01
7.243730872869491577e-02
7.964789867401123047e-01
6.911070346832275391e-01
6.970489025115966797e-01
6.444243192672729492e-01
1.222946047782897949e-01
9.414716958999633789e-01
7.351498603820800781e-01
5.872569084167480469e-01
9.533415436744689941e-01
3.734951615333557129e-01
7.767769098281860352e-01
9.484342336654663086e-01
5.121047496795654297e-01
4.699161648750305176e-01
9.954469203948974609e-01
9.779236316680908203e-01
9.611532688140869141e-01
5.151727199554443359e-01
9.314507246017456055e-01
8.846360445022583008e-01
5.327997803688049316e-01
6.424690485000610352e-01
2.192517518997192383e-01
5.325757861137390137e-01
3.900496959686279297e-01
9.951686859130859375e-01
2.164669781923294067e-01
8.727582693099975586e-01
2.490738183259963989e-01
6.228210926055908203e-01
7.986636161804199219e-01
7.641959190368652344e-01
4.494642615318298340e-01
7.441278696060180664e-01
3.802004456520080566e-01
2.385788559913635254e-01
4.947299361228942871e-01
8.000141382217407227e-01
3.566041588783264160e-01
9.603253006935119629e-01
2.251042276620864868e-01
3.842445015907287598e-01
2.575114369392395020e-01
5.319129228591918945e-01
7.502960562705993652e-01
1.885999739170074463e-01
3.054358065128326416e-01
6.367486715316772461e-01
5.929549336433410645e-01
6.097223162651062012e-01
4.204962551593780518e-01
7.738505601882934570e-01
4.233303070068359375e-01
5.013673305511474609e-01
8.371273279190063477e-01
4.881492853164672852e-01
4.841279387474060059e-01
5.621467828750610352e-01
4.840734004974365234e-01
8.608700037002563477e-01
6.576328277587890625e-01
2.203729748725891113e-01
9.103903770446777344e-01
8.177894353866577148e-01
9.488617181777954102e-01
6.282437443733215332e-01
7.246785163879394531e-01
9.520435333251953125e-01
4.275465309619903564e-01
3.387398421764373779e-01
5.202877521514892578e-01
7.438690662384033203e-01
5.320702195167541504e-01
7.206130623817443848e-01
8.138940334320068359e-01
6.563986539840698242e-01
9.810049533843994141e-01
4.776716828346252441e-01
5.466475486755371094e-01
6.287657022476196289e-01
4.406300187110900879e-01
7.203661203384399414e-01
7.100147604942321777e-01
4.741597175598144531e-01
8.289543986320495605e-01
8.577256202697753906e-01
6.642598509788513184e-01
9.878224134445190430e-01
9.340665340423583984e-01
5.122789740562438965e-01
9.561335444450378418e-01
8.728930950164794922e-01
7.016394138336181641e-01
6.598972082138061523e-01
5.689751505851745605e-01
7.683913707733154297e-01
6.369264125823974609e-01
5.707513093948364258e-01
5.278936028480529785e-01
2.611428797245025635e-01
6.540440320968627930e-01
8.991668224334716797e-01
5.444885492324829102e-01
9.902780055999755859e-01
9.765222668647766113e-01
4.320247173309326172e-01
6.697922348976135254e-01
5.233013629913330078e-01
4.415663480758666992e-01
3.708212971687316895e-01
8.647397756576538086e-01
7.658714056015014648e-01
6.016984581947326660e-01
6.378468275070190430e-01
4.738151133060455322e-01
2.728986442089080811e-01
6.307818293571472168e-01
4.568883776664733887e-01
7.199081778526306152e-01
6.218534708023071289e-01
7.198171615600585938e-01
4.177237749099731445e-01
7.714670896530151367e-01
4.423836469650268555e-01
9.572976827621459961e-01
4.186246097087860107e-01
8.020031452178955078e-01
7.997641563415527344e-01
6.603024601936340332e-01
4.379195570945739746e-01
9.992208480834960938e-01
8.359580039978027344e-01
6.076266765594482422e-01
7.231742739677429199e-01
7.056658267974853516e-01
6.607227325439453125e-01
9.751961231231689453e-01
7.132655382156372070e-01
5.885779857635498047e-01
9.810774922370910645e-01
9.275242090225219727e-01
4.752565026283264160e-01
6.847400665283203125e-01
6.057111620903015137e-01
6.951711773872375488e-01
6.186563968658447266e-01
6.955384016036987305e-01
9.850519299507141113e-01
4.359467625617980957e-01
7.775962352752685547e-01
5.792629718780517578e-01
8.050442934036254883e-01
5.756488442420959473e-01
3.257097601890563965e-01
8.994505405426025391e-01
8.572876453399658203e-01
7.619884014129638672e-01
6.007103919982910156e-01
1.227226406335830688e-01
6.682246923446655273e-01
3.314611017704010010e-01
4.045321643352508545e-01
1.684651225805282593e-01
8.187565207481384277e-01
1.772000491619110107e-01
3.593462109565734863e-01
2.501058280467987061e-01
5.706086158752441406e-01
3.421378135681152344e-01
3.286003768444061279e-01
3.477011322975158691e-01
3.433557152748107910e-01
3.702174425125122070e-01
4.178980588912963867e-01
6.626722812652587891e-01
5.600217580795288086e-01
3.533281683921813965e-01
4.047884345054626465e-01
8.529876470565795898e-01
3.875095844268798828e-01
2.471931874752044678e-01
8.787045478820800781e-01
9.781124591827392578e-01
7.583242058753967285e-01
3.942074179649353027e-01
5.051823258399963379e-01
4.733502268791198730e-01
1.690861433744430542e-01
8.076762557029724121e-01
7.495928406715393066e-01
6.995974183082580566e-01
5.578815340995788574e-01
5.213713645935058594e-01
3.817874789237976074e-01
8.654339313507080078e-01
9.885811805725097656e-01
9.931689500808715820e-01
6.306967735290527344e-01
9.983184337615966797e-01
4.057065844535827637e-01
6.954078674316406250e-01
9.348407983779907227e-01
2.704033553600311279e-01
2.010600082576274872e-02
1.676184684038162231e-01
7.116223573684692383e-01
8.426153659820556641e-01
1.053309962153434753e-01
5.348142981529235840e-02
7.013180255889892578e-01
2.517492771148681641e-01
1.265109283849596977e-03
1.115530282258987427e-01
2.948173880577087402e-01
7.513290047645568848e-01
3.645139634609222412e-01
1.690030395984649658e-01
9.057967662811279297e-01
1.275343447923660278e-01
9.565960168838500977e-01
8.739433288574218750e-01
5.922288401052355766e-04
6.050073504447937012e-01
7.414461374282836914e-01
7.643715292215347290e-02
8.608593940734863281e-01
9.615013599395751953e-01
3.719800710678100586e-01
5.968462824821472168e-01
4.133920967578887939e-01
6.923321485519409180e-01
8.565601110458374023e-01
9.999906420707702637e-01
8.288437724113464355e-01
5.317638516426086426e-01
7.394527196884155273e-01
7.896146774291992188e-01
3.293964266777038574e-01
9.408336281776428223e-01
9.797461032867431641e-01
5.425211787223815918e-01
7.897959947586059570e-01
7.838100194931030273e-01
7.082644104957580566e-01
3.605810403823852539e-01
1.189418733119964600e-01
2.752853333950042725e-01
8.859673142433166504e-01
2.353653907775878906e-01
1.723538637161254883e-01
9.794286489486694336e-01
1.790870875120162964e-01
3.924448490142822266e-01
5.407663583755493164e-01
1.558635830879211426e-01
2.051806747913360596e-01
4.720313474535942078e-02
3.499444425106048584e-01
1.628954708576202393e-01
1.890378594398498535e-01
9.339232742786407471e-02
1.045842468738555908e-01
4.198814034461975098e-01
3.906602561473846436e-01
6.521372199058532715e-01
5.150578022003173828e-01
4.645604267716407776e-02
1.093953251838684082e-01
5.496290922164916992e-01
3.241793513298034668e-01
2.330761998891830444e-01
2.129950523376464844e-01
8.215959072113037109e-01
8.490730524063110352e-01
7.711490392684936523e-01
9.276287555694580078e-01
3.500067889690399170e-01
4.358517825603485107e-01
3.438937664031982422e-01
4.774757623672485352e-01
4.996271729469299316e-01
6.109201312065124512e-01
3.857533931732177734e-01
3.665596246719360352e-01
5.742740035057067871e-01
2.746762633323669434e-01
5.416228175163269043e-01
5.150772333145141602e-01
2.203137278556823730e-01
1.337672472000122070e-01
4.841962456703186035e-01
7.929185628890991211e-01
7.430739998817443848e-01
3.042982816696166992e-01
4.185297191143035889e-01
5.732020139694213867e-01
4.728010892868041992e-01
3.166751265525817871e-01
1.948279142379760742e-01
6.101834774017333984e-01
2.808240614831447601e-02
6.060949563980102539e-01
